0,1,594.00,255.60,110.70,117.45,0.95,-1,-1,-1
0,2,179.77,248.17,26.10,49.50,0.87,-1,-1,-1
1,1,604.48,254.04,109.26,115.89,0.95,-1,-1,-1
1,2,179.77,248.17,26.10,49.50,0.87,-1,-1,-1
2,1,616.73,252.01,109.26,115.62,0.95,-1,-1,-1
2,2,179.95,248.17,25.92,49.15,0.87,-1,-1,-1
3,1,632.11,249.68,110.54,116.94,0.95,-1,-1,-1
3,2,180.00,248.17,25.87,49.04,0.87,-1,-1,-1
4,1,648.36,247.35,113.33,120.03,0.95,-1,-1,-1
4,2,180.01,248.17,25.87,49.01,0.87,-1,-1,-1
5,1,666.79,245.99,116.75,124.23,0.95,-1,-1,-1
5,2,180.09,248.50,25.71,48.69,0.86,-1,-1,-1
6,1,688.61,245.73,116.04,124.45,0.93,-1,-1,-1
6,2,180.11,248.61,25.66,48.58,0.86,-1,-1,-1
7,1,706.24,243.73,122.27,133.02,0.93,-1,-1,-1
7,2,180.21,248.80,25.63,48.55,0.83,-1,-1,-1
8,1,728.02,243.18,116.21,127.54,0.95,-1,-1,-1
8,2,180.46,249.02,25.48,48.24,0.79,-1,-1,-1
9,1,748.01,243.38,113.71,126.38,0.93,-1,-1,-1
9,2,180.42,248.48,25.84,49.05,0.78,-1,-1,-1
10,1,767.13,242.44,111.53,125.90,0.92,-1,-1,-1
10,2,180.86,249.04,25.53,48.44,0.68,-1,-1,-1
11,1,782.10,240.64,109.30,124.47,0.95,-1,-1,-1
11,2,182.17,249.70,24.01,45.19,0.30,-1,-1,-1
12,1,796.10,238.06,107.65,123.90,0.94,-1,-1,-1
12,2,184.13,250.10,22.05,41.18,0.16,-1,-1,-1
13,1,807.03,234.29,108.13,126.36,0.94,-1,-1,-1
13,2,184.05,250.39,24.31,45.15,0.62,-1,-1,-1
14,1,814.70,227.23,110.16,130.00,0.94,-1,-1,-1
14,2,185.15,250.93,24.88,45.85,0.55,-1,-1,-1
15,1,826.77,222.77,108.08,128.34,0.95,-1,-1,-1
15,2,186.60,251.13,26.44,48.52,0.82,-1,-1,-1
16,1,836.21,217.65,107.32,128.32,0.96,-1,-1,-1
16,2,187.77,250.61,27.95,50.98,0.88,-1,-1,-1
17,1,845.15,213.29,107.09,128.72,0.95,-1,-1,-1
17,2,188.86,249.97,29.23,52.80,0.89,-1,-1,-1
18,1,854.77,208.57,106.56,128.93,0.96,-1,-1,-1
18,2,189.75,250.73,29.62,52.62,0.87,-1,-1,-1
19,1,863.24,205.85,105.20,127.20,0.96,-1,-1,-1
19,2,193.07,253.37,28.74,49.89,0.86,-1,-1,-1
20,1,871.71,200.93,106.52,128.91,0.96,-1,-1,-1
20,2,195.34,252.89,29.49,49.69,0.87,-1,-1,-1
21,1,880.76,196.90,107.51,129.61,0.96,-1,-1,-1
21,2,198.19,252.70,30.55,50.22,0.87,-1,-1,-1
22,1,888.62,192.16,109.67,131.55,0.96,-1,-1,-1
22,2,200.94,251.14,32.76,52.48,0.90,-1,-1,-1
23,1,898.06,189.16,110.94,132.27,0.96,-1,-1,-1
23,2,202.90,253.03,32.62,50.99,0.92,-1,-1,-1
24,1,904.31,185.19,113.83,134.30,0.96,-1,-1,-1
24,2,204.29,252.13,34.18,52.46,0.91,-1,-1,-1
25,1,915.29,182.33,115.51,135.63,0.96,-1,-1,-1
25,2,206.54,249.59,36.63,55.06,0.92,-1,-1,-1
26,1,925.13,181.30,117.33,136.48,0.95,-1,-1,-1
26,2,207.70,249.49,37.37,55.46,0.92,-1,-1,-1
27,1,934.47,179.93,120.20,138.76,0.96,-1,-1,-1
27,2,209.51,251.66,36.18,52.95,0.94,-1,-1,-1
28,1,944.32,178.33,122.06,140.48,0.95,-1,-1,-1
28,2,211.26,251.16,37.43,54.04,0.92,-1,-1,-1
29,1,954.65,178.27,122.99,141.39,0.97,-1,-1,-1
29,2,212.95,250.98,38.39,54.73,0.92,-1,-1,-1
30,1,963.92,176.74,126.03,144.35,0.96,-1,-1,-1
30,2,214.88,250.76,39.49,55.86,0.92,-1,-1,-1
31,1,973.31,175.65,127.68,146.03,0.96,-1,-1,-1
31,2,218.24,250.68,40.90,56.86,0.92,-1,-1,-1
32,1,985.87,174.15,127.23,144.87,0.96,-1,-1,-1
32,2,220.31,250.80,41.58,57.23,0.92,-1,-1,-1
33,1,995.66,168.05,129.24,146.73,0.97,-1,-1,-1
33,2,221.77,251.43,41.83,57.35,0.91,-1,-1,-1
34,1,1007.19,161.49,128.94,146.44,0.96,-1,-1,-1
34,2,224.01,253.29,41.39,56.50,0.89,-1,-1,-1
35,1,1017.73,155.38,127.53,144.66,0.96,-1,-1,-1
35,2,225.72,254.15,41.64,56.74,0.84,-1,-1,-1
36,1,1030.87,148.35,126.87,144.17,0.96,-1,-1,-1
36,2,227.41,255.06,41.58,56.53,0.78,-1,-1,-1
37,1,1045.09,144.57,125.09,142.10,0.96,-1,-1,-1
37,2,227.73,254.80,42.04,57.33,0.86,-1,-1,-1
38,1,1056.76,137.85,125.25,142.41,0.95,-1,-1,-1
38,2,228.63,254.84,42.06,57.32,0.89,-1,-1,-1
39,1,1066.31,132.50,124.85,142.22,0.95,-1,-1,-1
39,2,228.87,254.25,42.72,58.20,0.91,-1,-1,-1
40,1,1075.27,126.92,126.20,143.18,0.96,-1,-1,-1
40,2,228.81,254.16,43.58,59.40,0.92,-1,-1,-1
41,1,1086.25,124.08,127.32,143.53,0.96,-1,-1,-1
41,2,228.15,254.13,44.06,60.14,0.92,-1,-1,-1
42,1,1104.28,121.24,126.46,142.32,0.94,-1,-1,-1
42,2,227.43,253.96,44.39,60.70,0.92,-1,-1,-1
43,1,1121.79,119.07,125.32,140.88,0.96,-1,-1,-1
43,2,226.95,254.48,44.55,60.90,0.92,-1,-1,-1
44,1,1140.36,117.30,125.08,140.70,0.95,-1,-1,-1
44,2,225.78,254.67,45.30,62.14,0.93,-1,-1,-1
45,1,1152.61,116.18,125.40,141.23,0.94,-1,-1,-1
45,2,225.48,255.62,44.75,61.42,0.93,-1,-1,-1
46,1,1166.50,118.78,122.65,140.47,0.90,-1,-1,-1
46,2,224.11,256.72,44.79,61.71,0.92,-1,-1,-1
47,1,1186.29,119.01,108.16,127.06,0.69,-1,-1,-1
47,2,222.28,258.02,44.76,61.81,0.93,-1,-1,-1
48,1,1215.69,120.31,75.74,91.09,0.58,-1,-1,-1
48,2,219.90,259.83,45.49,63.01,0.94,-1,-1,-1
49,2,217.27,262.85,45.84,63.75,0.90,-1,-1,-1
50,2,214.44,265.60,45.93,64.01,0.91,-1,-1,-1
51,2,211.56,268.54,46.20,64.69,0.89,-1,-1,-1
52,2,208.37,270.51,47.65,67.28,0.86,-1,-1,-1
53,2,206.41,274.42,47.36,67.09,0.76,-1,-1,-1
54,2,204.90,275.90,48.28,68.45,0.76,-1,-1,-1
55,2,207.89,304.78,30.91,43.80,0.61,-1,-1,-1
56,2,208.64,318.44,24.11,34.15,0.52,-1,-1,-1
57,2,208.50,324.20,22.03,31.07,0.41,-1,-1,-1
58,2,210.55,328.15,21.64,29.99,0.41,-1,-1,-1
59,2,202.85,304.73,39.75,55.33,0.70,-1,-1,-1
60,2,200.04,296.69,47.21,66.33,0.66,-1,-1,-1
61,2,198.45,290.07,51.29,72.79,0.84,-1,-1,-1
62,2,197.91,288.09,52.69,75.50,0.87,-1,-1,-1
63,2,198.40,288.02,52.54,75.91,0.90,-1,-1,-1
64,2,199.58,290.04,51.22,74.21,0.91,-1,-1,-1
65,2,200.73,290.53,51.09,74.20,0.92,-1,-1,-1
66,2,201.50,292.34,50.82,74.09,0.92,-1,-1,-1
67,2,202.62,293.84,51.02,74.49,0.93,-1,-1,-1
68,2,203.55,294.76,51.42,75.40,0.91,-1,-1,-1
69,2,204.43,296.17,51.54,75.66,0.93,-1,-1,-1
70,2,204.24,296.90,51.85,76.23,0.92,-1,-1,-1
71,2,203.20,297.65,52.35,76.95,0.92,-1,-1,-1
72,2,202.51,297.23,52.64,77.43,0.92,-1,-1,-1
73,2,202.28,296.07,52.68,77.25,0.94,-1,-1,-1
74,2,202.19,295.19,52.02,75.92,0.94,-1,-1,-1
75,2,201.93,293.39,51.61,75.03,0.94,-1,-1,-1
76,2,201.63,291.54,51.49,74.64,0.94,-1,-1,-1
77,2,201.66,290.57,51.52,74.45,0.95,-1,-1,-1
78,2,202.04,289.49,51.83,74.63,0.95,-1,-1,-1
79,2,202.96,289.11,52.05,74.66,0.95,-1,-1,-1
80,2,203.85,288.70,52.82,75.53,0.96,-1,-1,-1
81,2,205.20,288.87,53.14,75.84,0.96,-1,-1,-1
82,2,207.40,289.70,53.20,75.63,0.95,-1,-1,-1
83,2,210.11,290.79,54.12,76.71,0.95,-1,-1,-1
84,2,213.50,291.36,55.29,78.27,0.95,-1,-1,-1
85,2,217.74,291.15,56.00,78.85,0.95,-1,-1,-1
86,2,222.08,289.31,57.25,80.22,0.95,-1,-1,-1
87,2,226.82,288.17,57.18,79.54,0.94,-1,-1,-1
88,2,232.11,286.87,56.95,78.36,0.94,-1,-1,-1
89,2,237.00,285.94,56.57,76.99,0.94,-1,-1,-1
90,2,240.36,282.48,57.95,78.54,0.95,-1,-1,-1
91,2,244.06,280.33,58.72,79.11,0.95,-1,-1,-1
92,2,248.03,279.10,59.00,79.02,0.95,-1,-1,-1
93,2,252.79,279.11,58.90,78.37,0.95,-1,-1,-1
94,2,257.54,279.61,59.26,78.71,0.95,-1,-1,-1
95,2,264.01,279.53,59.87,79.42,0.94,-1,-1,-1
96,2,270.35,278.79,62.42,82.64,0.93,-1,-1,-1
97,2,277.65,280.13,62.99,83.26,0.94,-1,-1,-1
98,2,286.32,282.45,62.67,82.59,0.92,-1,-1,-1
99,2,295.26,283.96,63.37,83.19,0.92,-1,-1,-1
100,2,302.40,285.27,64.62,84.88,0.93,-1,-1,-1
101,2,308.44,285.77,64.24,84.62,0.93,-1,-1,-1
102,2,314.87,286.25,64.00,84.20,0.93,-1,-1,-1
103,2,320.36,285.24,64.17,84.32,0.94,-1,-1,-1
104,2,324.36,283.52,64.71,85.23,0.94,-1,-1,-1
105,2,327.93,279.63,65.44,86.45,0.94,-1,-1,-1
106,2,331.52,276.97,65.56,86.90,0.94,-1,-1,-1
107,2,334.42,274.21,65.99,87.64,0.95,-1,-1,-1
108,2,336.38,272.00,66.72,88.79,0.94,-1,-1,-1
109,2,339.61,270.61,66.99,88.91,0.94,-1,-1,-1
110,2,342.32,269.23,67.30,89.23,0.95,-1,-1,-1
111,2,345.20,267.27,68.72,91.10,0.96,-1,-1,-1
112,2,347.62,266.27,70.13,92.97,0.96,-1,-1,-1
113,2,350.05,265.64,72.07,95.71,0.96,-1,-1,-1
114,2,353.26,266.45,73.24,97.61,0.96,-1,-1,-1
115,2,356.10,266.96,76.03,101.81,0.96,-1,-1,-1
116,2,359.85,268.91,77.06,103.68,0.96,-1,-1,-1
117,2,364.02,270.58,78.43,106.11,0.95,-1,-1,-1
118,2,368.83,270.37,80.44,109.61,0.96,-1,-1,-1
119,2,375.24,270.59,80.84,110.06,0.96,-1,-1,-1
120,2,382.44,270.11,82.08,111.91,0.94,-1,-1,-1
121,2,391.29,269.64,80.87,110.25,0.94,-1,-1,-1
122,2,400.10,268.88,80.75,109.82,0.95,-1,-1,-1
123,2,410.22,268.02,80.63,109.31,0.94,-1,-1,-1
124,2,420.56,262.97,81.10,109.67,0.91,-1,-1,-1
125,2,428.73,259.75,81.35,110.07,0.94,-1,-1,-1
126,2,437.76,258.11,80.94,109.60,0.94,-1,-1,-1
127,2,447.97,256.05,80.19,108.49,0.93,-1,-1,-1
128,2,459.88,250.85,78.75,107.15,0.94,-1,-1,-1
129,2,471.27,244.62,79.95,109.91,0.94,-1,-1,-1
130,2,487.69,241.03,74.45,102.09,0.93,-1,-1,-1
131,2,504.81,237.64,71.18,96.84,0.93,-1,-1,-1
132,2,519.79,231.76,70.65,94.96,0.94,-1,-1,-1
133,2,535.48,226.78,71.06,94.39,0.94,-1,-1,-1
134,2,552.32,224.54,71.19,92.64,0.94,-1,-1,-1
135,2,566.55,224.01,73.11,94.46,0.94,-1,-1,-1
136,2,581.16,224.35,75.79,97.54,0.94,-1,-1,-1
137,2,595.52,223.67,76.58,98.12,0.95,-1,-1,-1
138,2,608.56,223.22,80.33,103.11,0.94,-1,-1,-1
139,2,620.64,222.07,82.51,106.14,0.94,-1,-1,-1
140,2,630.11,217.76,84.50,109.05,0.95,-1,-1,-1
141,2,639.72,215.72,85.88,111.32,0.95,-1,-1,-1
142,2,651.02,212.09,84.35,109.25,0.95,-1,-1,-1
143,2,661.19,208.41,85.24,109.87,0.96,-1,-1,-1
144,2,671.97,206.58,83.28,107.21,0.95,-1,-1,-1
145,2,682.44,202.41,84.84,108.83,0.95,-1,-1,-1
146,2,693.42,198.20,86.51,110.83,0.95,-1,-1,-1
147,2,705.80,194.92,89.36,113.92,0.96,-1,-1,-1
148,2,720.71,192.44,93.29,118.00,0.96,-1,-1,-1
149,2,734.33,191.13,96.89,121.58,0.96,-1,-1,-1
150,2,748.38,193.11,99.11,124.45,0.94,-1,-1,-1
151,2,761.98,193.83,100.24,126.53,0.95,-1,-1,-1
152,2,777.53,194.40,102.49,129.68,0.96,-1,-1,-1
153,2,792.03,195.77,102.40,130.05,0.95,-1,-1,-1
154,2,806.29,194.33,104.55,133.63,0.95,-1,-1,-1
155,2,817.93,193.01,105.60,135.75,0.95,-1,-1,-1
156,2,830.88,190.08,105.33,136.51,0.95,-1,-1,-1
157,2,843.36,186.65,104.21,136.15,0.96,-1,-1,-1
158,2,854.83,182.89,103.83,136.82,0.96,-1,-1,-1
159,2,867.22,178.58,101.70,134.97,0.96,-1,-1,-1
160,2,880.64,174.41,100.53,133.82,0.96,-1,-1,-1
161,2,895.14,168.68,99.84,133.13,0.96,-1,-1,-1
162,2,913.16,162.98,94.31,124.89,0.95,-1,-1,-1
163,2,932.06,159.05,90.69,118.86,0.94,-1,-1,-1
164,2,948.89,154.61,92.75,120.59,0.96,-1,-1,-1
165,2,967.44,154.68,95.34,123.40,0.95,-1,-1,-1
166,2,984.28,154.37,101.65,131.89,0.96,-1,-1,-1
167,2,1004.49,155.03,98.85,127.95,0.94,-1,-1,-1
168,2,1021.37,153.08,98.47,127.07,0.95,-1,-1,-1
169,2,1037.01,152.13,97.59,126.43,0.94,-1,-1,-1
170,2,1046.80,148.51,102.52,134.15,0.95,-1,-1,-1
171,2,1059.45,144.80,103.23,136.49,0.95,-1,-1,-1
172,2,1071.01,138.39,105.39,140.37,0.96,-1,-1,-1
173,2,1081.81,131.86,105.34,141.17,0.96,-1,-1,-1
174,2,1094.20,126.20,106.51,143.33,0.96,-1,-1,-1
175,2,1105.70,122.39,106.52,144.11,0.96,-1,-1,-1
176,2,1115.96,117.08,109.05,148.62,0.96,-1,-1,-1
177,2,1127.88,111.89,110.66,151.53,0.96,-1,-1,-1
178,2,1140.72,109.49,112.53,154.28,0.96,-1,-1,-1
179,2,1154.74,108.58,115.18,158.01,0.95,-1,-1,-1
180,2,1167.41,109.15,115.93,160.19,0.97,-1,-1,-1
181,2,1177.69,111.43,114.98,162.53,0.97,-1,-1,-1
182,2,1185.62,111.57,113.92,166.53,0.96,-1,-1,-1
183,2,1197.74,111.96,107.32,163.54,0.93,-1,-1,-1
252,3,280.84,275.85,27.00,30.15,0.71,-1,-1,-1
253,3,281.30,275.85,26.72,29.80,0.76,-1,-1,-1
254,3,280.58,275.50,26.96,30.04,0.79,-1,-1,-1
255,3,280.98,275.73,26.77,29.78,0.79,-1,-1,-1
256,3,280.65,275.15,27.32,30.36,0.81,-1,-1,-1
257,3,280.67,274.65,27.57,30.55,0.82,-1,-1,-1
258,3,279.93,274.32,27.93,30.93,0.81,-1,-1,-1
259,3,279.98,273.75,28.31,31.36,0.85,-1,-1,-1
260,3,279.74,273.25,29.00,32.12,0.86,-1,-1,-1
261,3,279.52,273.22,28.91,32.10,0.85,-1,-1,-1
262,3,279.17,272.78,29.40,32.68,0.86,-1,-1,-1
263,3,278.90,272.32,29.87,33.18,0.85,-1,-1,-1
264,3,278.65,272.16,30.36,33.66,0.85,-1,-1,-1
265,3,278.27,272.11,30.53,33.83,0.87,-1,-1,-1
266,3,277.97,271.96,30.90,34.18,0.88,-1,-1,-1
267,3,277.82,272.06,30.83,34.01,0.87,-1,-1,-1
268,3,277.85,272.11,30.92,33.93,0.86,-1,-1,-1
269,3,277.35,273.02,30.21,33.00,0.81,-1,-1,-1
270,3,276.81,273.23,30.04,32.63,0.81,-1,-1,-1
271,3,276.24,273.76,29.83,32.19,0.82,-1,-1,-1
272,3,275.53,274.26,29.58,31.73,0.80,-1,-1,-1
273,3,274.53,274.90,29.16,31.26,0.83,-1,-1,-1
274,3,273.56,275.88,28.42,30.48,0.79,-1,-1,-1
275,3,272.17,277.00,27.52,29.59,0.80,-1,-1,-1
275,4,296.97,269.64,19.77,33.57,0.64,-1,-1,-1
276,3,271.05,276.49,27.85,30.18,0.85,-1,-1,-1
276,4,297.13,271.81,19.87,33.71,0.33,-1,-1,-1
277,3,270.12,275.85,27.86,30.40,0.81,-1,-1,-1
277,4,296.81,270.29,20.29,34.45,0.47,-1,-1,-1
278,3,269.39,275.75,27.48,30.20,0.80,-1,-1,-1
278,4,296.78,269.58,19.29,32.69,0.55,-1,-1,-1
279,3,267.38,276.30,27.29,30.12,0.81,-1,-1,-1
279,4,297.22,269.17,18.37,31.07,0.54,-1,-1,-1
280,3,265.95,276.35,27.43,30.40,0.85,-1,-1,-1
280,4,297.04,269.22,19.71,33.51,0.31,-1,-1,-1
281,3,265.18,276.52,27.42,30.51,0.85,-1,-1,-1
281,4,297.73,270.45,18.04,30.63,0.13,-1,-1,-1
282,3,264.02,276.28,28.06,31.44,0.86,-1,-1,-1
282,4,298.87,269.83,15.64,26.32,0.10,-1,-1,-1
283,3,262.48,275.89,29.67,33.56,0.90,-1,-1,-1
284,3,261.36,275.59,29.95,34.07,0.90,-1,-1,-1
285,3,260.57,275.18,30.26,34.55,0.93,-1,-1,-1
286,3,259.04,274.73,30.83,35.31,0.92,-1,-1,-1
287,3,258.14,274.85,30.86,35.59,0.92,-1,-1,-1
288,3,256.87,275.04,30.75,35.69,0.91,-1,-1,-1
289,3,255.71,275.56,30.64,35.71,0.90,-1,-1,-1
290,3,254.16,275.32,31.13,36.59,0.89,-1,-1,-1
291,3,252.31,275.66,31.54,37.21,0.89,-1,-1,-1
292,3,251.24,276.82,31.03,36.85,0.89,-1,-1,-1
293,3,249.67,278.01,30.59,36.69,0.88,-1,-1,-1
294,3,247.54,278.75,31.48,38.10,0.87,-1,-1,-1
295,3,245.92,279.31,31.19,38.33,0.87,-1,-1,-1
296,3,244.36,279.66,30.98,38.70,0.84,-1,-1,-1
297,3,243.26,280.08,30.53,38.83,0.84,-1,-1,-1
298,3,242.65,279.79,30.26,39.16,0.84,-1,-1,-1
299,3,242.43,281.13,29.04,38.09,0.84,-1,-1,-1
300,3,241.93,281.04,28.03,37.37,0.81,-1,-1,-1
301,3,242.13,281.44,26.36,35.60,0.83,-1,-1,-1
302,3,241.92,280.21,25.83,35.23,0.83,-1,-1,-1
303,3,241.68,279.30,25.14,34.49,0.87,-1,-1,-1
304,3,241.51,278.05,25.11,34.53,0.87,-1,-1,-1
305,3,241.53,274.44,25.92,35.75,0.91,-1,-1,-1
306,3,241.25,272.81,26.55,36.80,0.89,-1,-1,-1
307,3,240.78,271.77,26.98,37.49,0.90,-1,-1,-1
308,3,240.09,270.22,27.92,38.93,0.91,-1,-1,-1
309,3,240.13,269.80,27.10,37.72,0.93,-1,-1,-1
310,3,239.81,268.33,27.83,38.42,0.92,-1,-1,-1
311,3,239.24,267.37,28.44,38.97,0.92,-1,-1,-1
312,3,238.96,266.44,28.82,39.17,0.92,-1,-1,-1
313,3,238.94,265.97,29.13,39.24,0.91,-1,-1,-1
314,3,238.83,265.97,29.79,39.85,0.92,-1,-1,-1
315,3,238.87,266.44,30.19,40.07,0.92,-1,-1,-1
316,3,239.05,267.09,30.31,39.85,0.92,-1,-1,-1
317,3,238.65,267.21,31.04,40.65,0.92,-1,-1,-1
318,3,238.39,266.83,31.83,41.53,0.92,-1,-1,-1
319,3,238.53,267.14,31.97,41.56,0.92,-1,-1,-1
320,3,238.42,267.13,32.06,41.56,0.92,-1,-1,-1
321,3,238.11,266.99,32.33,41.84,0.92,-1,-1,-1
322,3,237.70,266.50,32.46,41.94,0.93,-1,-1,-1
323,3,237.73,266.33,32.13,41.38,0.94,-1,-1,-1
324,3,236.91,265.53,32.50,41.75,0.93,-1,-1,-1
325,3,236.63,264.95,31.99,40.99,0.94,-1,-1,-1
326,3,235.97,263.85,32.04,40.99,0.94,-1,-1,-1
327,3,235.32,262.56,32.27,41.29,0.95,-1,-1,-1
328,3,234.72,261.64,32.20,41.10,0.94,-1,-1,-1
329,3,234.27,260.72,32.06,40.73,0.95,-1,-1,-1
330,3,233.77,260.25,32.08,40.58,0.95,-1,-1,-1
331,3,233.41,259.95,32.16,40.53,0.94,-1,-1,-1
332,3,232.65,259.85,32.30,40.51,0.94,-1,-1,-1
333,3,231.88,260.14,32.43,40.50,0.94,-1,-1,-1
334,3,230.53,260.56,33.38,41.69,0.94,-1,-1,-1
335,3,229.60,262.20,33.13,41.25,0.94,-1,-1,-1
336,3,228.29,263.75,33.57,41.67,0.94,-1,-1,-1
337,3,226.53,265.96,33.65,41.82,0.91,-1,-1,-1
338,3,224.45,267.09,34.48,43.06,0.93,-1,-1,-1
339,3,223.39,267.95,35.46,44.41,0.92,-1,-1,-1
340,3,222.26,268.55,36.38,45.79,0.90,-1,-1,-1
341,3,219.81,268.78,37.70,47.77,0.89,-1,-1,-1
342,3,217.63,268.41,39.42,50.25,0.88,-1,-1,-1
343,3,216.24,268.55,39.64,50.92,0.83,-1,-1,-1
344,3,216.23,269.17,38.85,49.99,0.78,-1,-1,-1
345,3,215.87,267.19,39.42,50.76,0.77,-1,-1,-1
346,3,215.71,265.85,39.96,51.63,0.80,-1,-1,-1
347,3,215.65,264.60,39.78,51.64,0.87,-1,-1,-1
348,3,215.89,264.26,38.36,50.16,0.85,-1,-1,-1
349,3,215.71,263.10,37.68,49.56,0.88,-1,-1,-1
350,3,216.43,262.37,36.93,48.72,0.87,-1,-1,-1
351,3,216.45,261.36,36.83,48.70,0.89,-1,-1,-1
352,3,217.12,260.40,36.41,48.08,0.87,-1,-1,-1
353,3,217.88,259.75,35.87,47.25,0.88,-1,-1,-1
354,3,218.69,259.23,35.32,46.33,0.89,-1,-1,-1
355,3,218.99,258.30,35.75,46.60,0.90,-1,-1,-1
356,3,220.07,257.37,36.29,47.00,0.90,-1,-1,-1
357,3,221.35,256.75,36.23,46.56,0.92,-1,-1,-1
358,3,221.90,256.39,36.45,46.69,0.93,-1,-1,-1
359,3,223.16,256.57,36.34,46.44,0.93,-1,-1,-1
360,3,224.30,256.66,36.22,46.06,0.93,-1,-1,-1
361,3,225.56,256.57,36.66,46.51,0.93,-1,-1,-1
362,3,227.77,256.40,37.16,46.98,0.93,-1,-1,-1
363,3,229.53,256.64,37.24,47.16,0.92,-1,-1,-1
364,3,231.28,257.64,37.34,47.23,0.92,-1,-1,-1
365,3,231.90,257.43,38.29,48.44,0.91,-1,-1,-1
366,3,233.46,256.77,39.17,49.48,0.92,-1,-1,-1
367,3,234.11,257.40,39.93,50.46,0.89,-1,-1,-1
368,3,234.88,258.24,40.55,51.42,0.89,-1,-1,-1
369,3,237.02,258.86,40.83,52.06,0.82,-1,-1,-1
370,3,238.33,260.27,40.47,52.00,0.73,-1,-1,-1
371,3,239.85,260.07,41.45,53.44,0.84,-1,-1,-1
372,3,240.27,260.29,41.49,53.68,0.78,-1,-1,-1
373,3,240.22,259.33,41.81,54.34,0.89,-1,-1,-1
374,3,240.48,258.53,42.18,54.87,0.89,-1,-1,-1
375,3,240.32,257.92,42.48,55.35,0.90,-1,-1,-1
376,3,239.97,257.69,42.51,55.52,0.89,-1,-1,-1
377,3,239.56,257.76,42.40,55.56,0.90,-1,-1,-1
378,3,239.40,257.78,42.32,55.56,0.90,-1,-1,-1
379,3,238.71,257.65,42.30,55.84,0.90,-1,-1,-1
380,3,238.03,257.90,41.93,55.64,0.90,-1,-1,-1
381,3,237.08,257.85,41.93,55.85,0.91,-1,-1,-1
382,3,236.66,258.27,41.75,55.62,0.91,-1,-1,-1
383,3,235.69,259.63,40.91,54.63,0.90,-1,-1,-1
384,3,234.21,259.99,41.02,54.84,0.91,-1,-1,-1
385,3,233.94,261.16,40.49,54.03,0.89,-1,-1,-1
386,3,232.29,261.45,41.02,54.91,0.90,-1,-1,-1
387,3,230.57,262.73,40.78,54.94,0.91,-1,-1,-1
388,3,229.07,263.95,40.63,54.95,0.93,-1,-1,-1
388,5,286.33,269.91,23.24,27.18,0.78,-1,-1,-1
389,3,227.49,265.29,40.63,55.24,0.91,-1,-1,-1
389,5,283.96,269.63,23.70,27.74,0.88,-1,-1,-1
390,3,226.20,267.25,41.03,55.94,0.92,-1,-1,-1
390,5,283.34,269.54,23.53,27.58,0.89,-1,-1,-1
391,3,224.86,271.23,40.36,55.02,0.92,-1,-1,-1
391,5,282.75,269.18,23.74,27.84,0.89,-1,-1,-1
392,3,222.89,273.76,41.38,56.16,0.89,-1,-1,-1
392,5,281.87,269.23,24.62,28.90,0.89,-1,-1,-1
393,3,220.38,278.36,40.86,55.39,0.86,-1,-1,-1
393,5,281.46,269.57,25.18,29.57,0.88,-1,-1,-1
394,3,215.33,278.73,43.46,59.26,0.83,-1,-1,-1
394,5,280.87,270.92,25.42,29.80,0.89,-1,-1,-1
395,3,213.20,284.20,42.18,57.50,0.70,-1,-1,-1
395,5,280.29,273.70,24.77,28.95,0.87,-1,-1,-1
396,3,211.21,289.73,41.15,56.17,0.41,-1,-1,-1
396,5,280.54,275.81,24.24,28.30,0.85,-1,-1,-1
397,3,209.64,295.47,39.09,53.56,0.17,-1,-1,-1
397,5,281.10,277.16,23.80,27.75,0.81,-1,-1,-1
398,5,281.14,278.54,22.78,26.63,0.74,-1,-1,-1
399,5,281.35,279.31,22.67,26.53,0.71,-1,-1,-1
400,5,281.65,280.16,21.91,25.58,0.67,-1,-1,-1
401,5,282.03,280.73,21.12,24.63,0.53,-1,-1,-1
402,5,281.73,281.98,20.82,24.29,0.49,-1,-1,-1
402,3,205.59,304.33,38.04,51.88,0.53,-1,-1,-1
403,5,280.08,282.70,20.45,23.88,0.52,-1,-1,-1
403,3,205.61,303.48,38.19,52.06,0.67,-1,-1,-1
404,5,279.25,282.46,20.50,24.05,0.53,-1,-1,-1
404,3,206.70,303.22,37.84,51.52,0.70,-1,-1,-1
405,5,278.41,281.44,21.32,25.03,0.27,-1,-1,-1
405,3,207.71,302.76,37.50,51.02,0.68,-1,-1,-1
406,5,276.60,280.75,21.98,25.69,0.59,-1,-1,-1
406,3,208.21,302.22,37.72,51.44,0.77,-1,-1,-1
407,5,275.05,280.03,22.52,26.24,0.18,-1,-1,-1
407,3,208.99,301.68,38.46,52.50,0.81,-1,-1,-1
408,5,273.33,279.59,22.37,26.16,0.78,-1,-1,-1
408,3,209.59,299.22,40.15,54.97,0.83,-1,-1,-1
409,5,270.76,277.93,23.54,27.61,0.86,-1,-1,-1
409,3,210.47,297.69,40.95,56.19,0.86,-1,-1,-1
410,5,269.19,276.72,24.06,28.44,0.87,-1,-1,-1
410,3,211.77,296.92,41.43,56.95,0.90,-1,-1,-1
411,5,268.46,275.82,23.98,28.47,0.87,-1,-1,-1
411,3,213.01,297.49,41.89,57.52,0.90,-1,-1,-1
412,5,267.01,275.18,24.62,29.35,0.89,-1,-1,-1
412,3,213.91,297.56,42.90,58.90,0.92,-1,-1,-1
413,5,265.58,275.38,24.33,29.09,0.89,-1,-1,-1
413,3,214.47,299.32,43.41,59.70,0.90,-1,-1,-1
414,5,263.79,275.47,24.13,28.98,0.88,-1,-1,-1
414,3,215.15,300.15,44.49,61.17,0.90,-1,-1,-1
415,5,262.52,276.25,23.52,28.34,0.87,-1,-1,-1
415,3,216.24,302.78,45.26,62.29,0.90,-1,-1,-1
416,5,260.72,276.85,23.04,27.79,0.88,-1,-1,-1
416,3,216.78,305.10,45.87,63.00,0.90,-1,-1,-1
417,5,258.91,277.68,21.94,26.68,0.81,-1,-1,-1
417,3,216.92,307.87,46.50,63.54,0.86,-1,-1,-1
418,5,255.59,277.99,22.38,27.47,0.83,-1,-1,-1
418,3,219.54,312.13,45.87,62.84,0.79,-1,-1,-1
419,5,252.73,278.69,22.38,27.76,0.86,-1,-1,-1
420,5,251.37,279.10,23.05,28.76,0.86,-1,-1,-1
421,5,250.45,279.11,23.62,29.72,0.87,-1,-1,-1
422,5,249.35,278.37,23.97,30.37,0.87,-1,-1,-1
423,5,248.12,276.77,24.07,30.91,0.89,-1,-1,-1
423,3,219.09,315.65,48.42,66.72,0.77,-1,-1,-1
424,5,247.03,275.71,23.42,30.53,0.89,-1,-1,-1
424,3,218.17,314.85,48.06,66.43,0.86,-1,-1,-1
425,5,245.88,274.11,23.26,30.66,0.89,-1,-1,-1
425,3,216.87,314.57,47.51,65.73,0.93,-1,-1,-1
426,5,244.68,272.64,22.77,30.40,0.90,-1,-1,-1
426,3,216.10,314.12,46.73,64.57,0.93,-1,-1,-1
427,5,243.48,271.20,23.30,31.19,0.90,-1,-1,-1
427,3,214.34,313.77,45.70,62.93,0.92,-1,-1,-1
428,5,242.49,269.64,23.46,31.48,0.89,-1,-1,-1
428,3,213.66,312.85,45.07,61.72,0.91,-1,-1,-1
429,5,241.42,268.62,23.84,31.87,0.90,-1,-1,-1
429,3,210.67,311.14,45.28,61.88,0.93,-1,-1,-1
430,5,240.17,267.96,23.98,32.01,0.89,-1,-1,-1
430,3,208.66,310.19,45.25,61.65,0.92,-1,-1,-1
431,5,239.38,266.85,24.47,32.65,0.89,-1,-1,-1
431,3,206.85,309.23,45.75,62.17,0.92,-1,-1,-1
432,5,238.37,265.72,24.99,33.47,0.87,-1,-1,-1
432,3,204.91,309.61,45.63,61.77,0.92,-1,-1,-1
433,5,237.49,265.16,25.36,34.06,0.87,-1,-1,-1
433,3,202.90,312.15,44.24,59.54,0.90,-1,-1,-1
434,5,237.21,265.56,25.19,33.99,0.89,-1,-1,-1
434,3,201.49,314.77,43.24,57.80,0.90,-1,-1,-1
435,5,237.72,266.18,24.86,33.65,0.88,-1,-1,-1
435,3,199.58,314.50,44.45,59.30,0.91,-1,-1,-1
436,5,238.17,266.45,25.18,34.10,0.89,-1,-1,-1
436,3,197.80,315.44,45.27,60.15,0.91,-1,-1,-1
437,5,238.25,267.88,25.25,34.26,0.91,-1,-1,-1
437,3,196.63,318.00,45.26,59.89,0.90,-1,-1,-1
438,5,238.89,270.07,24.69,33.43,0.90,-1,-1,-1
438,3,195.69,319.25,45.46,60.10,0.90,-1,-1,-1
439,5,238.88,271.52,25.06,33.99,0.89,-1,-1,-1
439,3,196.00,320.28,44.97,59.29,0.87,-1,-1,-1
440,5,239.07,272.50,25.44,34.49,0.90,-1,-1,-1
440,3,196.52,320.49,45.29,59.59,0.89,-1,-1,-1
441,5,239.75,273.16,24.98,33.79,0.90,-1,-1,-1
441,3,197.33,319.65,45.74,60.01,0.90,-1,-1,-1
442,5,239.68,273.40,24.60,33.21,0.90,-1,-1,-1
442,3,198.24,318.71,45.72,59.57,0.92,-1,-1,-1
443,5,238.78,272.89,24.75,33.29,0.89,-1,-1,-1
443,3,200.11,317.28,45.48,58.82,0.90,-1,-1,-1
444,5,236.94,271.64,25.44,33.91,0.89,-1,-1,-1
444,3,199.84,312.24,47.08,60.63,0.92,-1,-1,-1
445,5,236.59,270.43,25.64,33.85,0.90,-1,-1,-1
445,3,200.21,308.32,48.41,62.19,0.94,-1,-1,-1
446,5,235.81,268.04,26.46,34.71,0.92,-1,-1,-1
446,3,201.67,305.80,48.44,61.91,0.93,-1,-1,-1
447,5,234.67,266.85,26.71,34.73,0.91,-1,-1,-1
447,3,202.45,303.39,48.90,62.08,0.94,-1,-1,-1
448,5,235.51,265.22,26.66,34.74,0.90,-1,-1,-1
448,3,204.07,301.77,49.01,61.85,0.94,-1,-1,-1
449,5,234.73,263.73,26.50,34.43,0.91,-1,-1,-1
449,3,204.78,300.01,49.74,62.35,0.95,-1,-1,-1
450,5,234.52,263.19,25.71,33.42,0.91,-1,-1,-1
450,3,205.67,298.50,50.45,62.53,0.95,-1,-1,-1
451,5,233.69,262.56,25.45,33.03,0.91,-1,-1,-1
451,3,207.85,297.82,50.16,61.41,0.95,-1,-1,-1
452,5,232.96,261.46,25.33,32.89,0.91,-1,-1,-1
452,3,210.44,298.07,49.86,60.38,0.94,-1,-1,-1
453,5,232.07,260.92,25.37,32.84,0.91,-1,-1,-1
453,3,211.86,298.21,50.50,60.29,0.94,-1,-1,-1
454,5,231.16,260.59,25.66,33.12,0.92,-1,-1,-1
454,3,213.58,298.60,51.36,60.56,0.94,-1,-1,-1
455,5,230.65,260.65,25.58,32.93,0.92,-1,-1,-1
455,3,216.14,299.81,51.42,60.07,0.94,-1,-1,-1
456,5,229.30,260.69,26.03,33.46,0.92,-1,-1,-1
456,3,218.12,300.45,52.53,61.08,0.94,-1,-1,-1
457,5,228.21,261.47,26.01,33.36,0.91,-1,-1,-1
457,3,220.44,300.12,53.86,62.35,0.93,-1,-1,-1
458,5,226.30,262.67,26.43,33.92,0.90,-1,-1,-1
458,3,221.58,300.15,54.62,62.83,0.88,-1,-1,-1
459,5,224.54,263.58,26.96,34.72,0.92,-1,-1,-1
459,3,225.48,300.32,55.53,63.89,0.91,-1,-1,-1
460,5,223.75,265.25,27.59,35.31,0.92,-1,-1,-1
460,3,230.15,300.99,55.87,64.59,0.89,-1,-1,-1
461,5,222.84,267.22,27.73,35.53,0.91,-1,-1,-1
461,3,234.05,301.85,55.16,64.25,0.83,-1,-1,-1
462,5,222.46,269.29,27.31,34.73,0.90,-1,-1,-1
462,3,231.83,300.55,58.29,67.66,0.76,-1,-1,-1
463,5,221.74,270.82,27.20,34.41,0.89,-1,-1,-1
463,3,234.61,299.93,58.84,68.64,0.82,-1,-1,-1
464,5,222.29,271.97,26.76,33.39,0.87,-1,-1,-1
464,3,237.83,298.38,59.01,69.29,0.87,-1,-1,-1
465,5,222.47,272.08,26.73,33.01,0.87,-1,-1,-1
465,3,240.90,297.79,57.32,67.17,0.87,-1,-1,-1
466,5,222.62,271.04,27.41,33.77,0.89,-1,-1,-1
466,3,243.13,296.39,56.75,66.62,0.82,-1,-1,-1
467,5,222.99,269.61,27.67,34.05,0.90,-1,-1,-1
467,3,245.72,293.94,57.03,66.99,0.86,-1,-1,-1
468,5,222.30,267.71,28.42,35.05,0.90,-1,-1,-1
468,3,251.53,292.45,55.60,65.35,0.85,-1,-1,-1
469,5,221.62,265.67,29.49,36.60,0.90,-1,-1,-1
469,3,255.49,291.02,54.94,64.71,0.89,-1,-1,-1
470,5,221.55,264.16,28.96,36.02,0.92,-1,-1,-1
470,3,259.18,289.47,53.67,62.97,0.85,-1,-1,-1
471,5,221.56,262.84,28.70,35.78,0.92,-1,-1,-1
471,3,263.12,288.47,53.57,62.62,0.86,-1,-1,-1
472,5,221.35,260.88,28.76,35.98,0.93,-1,-1,-1
472,3,267.92,288.14,52.94,61.30,0.89,-1,-1,-1
473,5,220.95,258.82,28.85,36.34,0.92,-1,-1,-1
473,3,268.50,287.15,53.98,61.72,0.88,-1,-1,-1
474,5,220.62,257.62,28.69,36.48,0.92,-1,-1,-1
474,3,269.17,287.12,53.54,60.69,0.85,-1,-1,-1
475,5,220.19,256.60,28.29,36.22,0.92,-1,-1,-1
475,3,271.13,287.60,55.12,61.22,0.89,-1,-1,-1
476,5,220.12,256.10,28.27,36.42,0.91,-1,-1,-1
476,3,271.28,287.95,57.90,63.21,0.93,-1,-1,-1
477,5,219.90,255.94,28.15,36.49,0.91,-1,-1,-1
477,3,272.07,290.16,59.96,64.85,0.95,-1,-1,-1
478,5,219.85,256.06,27.99,36.51,0.91,-1,-1,-1
478,3,273.55,292.35,62.64,68.12,0.95,-1,-1,-1
479,5,219.80,255.98,28.48,37.40,0.91,-1,-1,-1
479,3,274.52,295.21,63.87,69.93,0.94,-1,-1,-1
480,5,219.48,256.26,28.90,38.32,0.92,-1,-1,-1
480,3,277.14,297.79,62.89,69.46,0.94,-1,-1,-1
481,5,219.60,256.68,29.18,38.96,0.92,-1,-1,-1
481,3,279.23,299.96,62.24,69.25,0.94,-1,-1,-1
482,5,220.03,257.60,29.49,39.49,0.92,-1,-1,-1
482,3,281.43,301.21,62.84,70.62,0.94,-1,-1,-1
483,5,219.91,257.96,30.12,40.56,0.92,-1,-1,-1
483,3,285.22,304.45,61.42,69.66,0.92,-1,-1,-1
484,5,220.07,259.57,30.25,40.66,0.92,-1,-1,-1
484,3,287.43,304.33,63.61,73.12,0.91,-1,-1,-1
485,5,220.35,261.67,29.94,40.40,0.90,-1,-1,-1
485,3,290.61,307.03,63.42,73.81,0.92,-1,-1,-1
486,5,220.60,263.66,30.04,40.57,0.89,-1,-1,-1
486,3,295.89,308.49,60.61,71.13,0.89,-1,-1,-1
487,5,219.89,264.84,30.83,41.51,0.87,-1,-1,-1
487,3,299.28,309.45,60.47,71.54,0.88,-1,-1,-1
488,5,218.59,265.58,31.34,42.45,0.85,-1,-1,-1
488,3,304.16,308.44,58.34,69.31,0.88,-1,-1,-1
489,5,216.85,265.40,32.42,44.25,0.85,-1,-1,-1
489,3,306.84,302.16,58.95,70.24,0.92,-1,-1,-1
490,5,216.75,264.89,33.36,45.80,0.81,-1,-1,-1
490,3,310.35,299.82,60.48,72.65,0.89,-1,-1,-1
491,5,216.11,265.25,33.45,46.10,0.81,-1,-1,-1
491,3,314.41,297.04,59.23,71.50,0.92,-1,-1,-1
492,5,216.01,265.24,33.48,46.19,0.78,-1,-1,-1
492,3,317.37,293.73,58.96,71.63,0.89,-1,-1,-1
493,5,214.92,266.68,32.54,44.74,0.77,-1,-1,-1
493,3,320.53,289.99,59.00,71.66,0.92,-1,-1,-1
494,5,213.61,266.78,32.25,44.44,0.82,-1,-1,-1
494,3,323.54,285.93,59.59,72.26,0.93,-1,-1,-1
495,5,211.98,265.62,33.04,45.81,0.81,-1,-1,-1
495,3,326.26,282.07,60.58,73.37,0.94,-1,-1,-1
496,5,210.77,265.03,33.18,46.31,0.84,-1,-1,-1
496,3,329.74,279.63,60.57,73.19,0.95,-1,-1,-1
497,5,209.91,264.94,32.72,45.90,0.82,-1,-1,-1
497,3,332.93,276.54,62.52,75.18,0.95,-1,-1,-1
498,5,209.22,264.75,33.18,46.61,0.78,-1,-1,-1
498,3,337.61,274.99,63.16,75.62,0.95,-1,-1,-1
499,5,208.58,265.86,32.23,45.40,0.81,-1,-1,-1
499,3,341.86,274.61,63.84,75.48,0.93,-1,-1,-1
500,5,208.46,266.58,31.66,44.61,0.79,-1,-1,-1
500,3,347.74,274.84,64.80,75.70,0.94,-1,-1,-1
501,5,208.28,267.89,30.82,43.11,0.86,-1,-1,-1
501,3,354.58,277.05,65.43,75.47,0.94,-1,-1,-1
502,5,207.34,268.22,31.00,43.45,0.86,-1,-1,-1
502,3,360.21,278.99,67.91,77.45,0.95,-1,-1,-1
503,5,206.44,267.88,31.56,44.47,0.86,-1,-1,-1
503,3,368.12,283.71,68.74,77.89,0.94,-1,-1,-1
504,5,205.55,267.15,32.69,46.33,0.85,-1,-1,-1
504,3,372.04,287.48,72.57,81.57,0.93,-1,-1,-1
505,5,204.90,267.89,32.76,46.45,0.85,-1,-1,-1
505,3,377.40,292.24,74.73,83.82,0.93,-1,-1,-1
506,5,204.20,268.17,33.44,47.36,0.84,-1,-1,-1
506,3,379.15,294.96,78.81,88.45,0.93,-1,-1,-1
507,5,203.60,269.00,33.53,47.41,0.85,-1,-1,-1
507,3,381.70,297.58,82.43,93.08,0.89,-1,-1,-1
508,5,202.82,270.49,33.46,47.12,0.78,-1,-1,-1
508,3,385.04,301.73,83.88,95.72,0.88,-1,-1,-1
509,5,202.58,273.27,32.63,45.51,0.79,-1,-1,-1
509,3,391.34,307.66,79.76,91.82,0.87,-1,-1,-1
510,5,201.81,273.26,33.34,46.39,0.72,-1,-1,-1
510,3,393.37,306.86,80.62,94.00,0.92,-1,-1,-1
511,5,202.00,276.20,31.95,44.05,0.76,-1,-1,-1
511,3,395.42,304.20,82.69,97.70,0.91,-1,-1,-1
512,5,201.13,274.42,33.37,45.86,0.81,-1,-1,-1
512,3,398.48,302.13,81.72,97.93,0.93,-1,-1,-1
513,5,200.17,271.42,35.33,48.57,0.83,-1,-1,-1
513,3,403.34,300.82,77.00,92.99,0.91,-1,-1,-1
514,5,201.54,272.30,33.95,46.41,0.78,-1,-1,-1
514,3,406.04,298.92,74.88,90.98,0.93,-1,-1,-1
515,5,201.78,271.44,33.87,46.11,0.81,-1,-1,-1
515,3,408.30,297.45,74.42,90.80,0.93,-1,-1,-1
516,5,203.38,271.57,32.53,44.21,0.83,-1,-1,-1
516,3,410.94,295.86,74.71,91.32,0.93,-1,-1,-1
517,5,204.41,271.00,32.20,43.79,0.81,-1,-1,-1
517,3,411.51,293.77,77.65,95.35,0.93,-1,-1,-1
518,5,205.04,270.95,31.87,43.34,0.83,-1,-1,-1
518,3,414.50,293.28,76.23,93.35,0.94,-1,-1,-1
519,5,205.97,270.62,31.94,43.48,0.80,-1,-1,-1
519,3,416.83,293.10,76.13,93.11,0.94,-1,-1,-1
520,5,206.11,270.20,32.45,44.14,0.81,-1,-1,-1
520,3,418.90,292.90,75.99,92.70,0.94,-1,-1,-1
521,5,206.74,269.90,32.81,44.68,0.75,-1,-1,-1
521,3,421.29,293.43,76.64,93.42,0.94,-1,-1,-1
522,5,206.12,270.08,32.81,44.60,0.84,-1,-1,-1
522,3,423.22,295.12,77.57,94.86,0.93,-1,-1,-1
523,5,205.77,270.45,32.78,44.56,0.88,-1,-1,-1
523,3,425.12,296.21,79.67,97.75,0.93,-1,-1,-1
524,5,205.80,271.04,32.96,44.85,0.87,-1,-1,-1
524,3,426.35,297.06,81.33,100.00,0.93,-1,-1,-1
525,5,205.33,272.45,32.87,44.66,0.87,-1,-1,-1
525,3,428.09,299.43,82.72,101.72,0.94,-1,-1,-1
526,5,207.23,273.58,32.63,44.59,0.84,-1,-1,-1
526,3,428.27,299.90,84.93,104.99,0.96,-1,-1,-1
527,5,213.25,272.21,36.35,47.83,0.90,-1,-1,-1
527,3,429.14,300.79,86.32,107.37,0.95,-1,-1,-1
528,5,215.27,272.28,38.61,49.90,0.87,-1,-1,-1
528,3,429.84,302.00,86.54,108.25,0.95,-1,-1,-1
529,5,215.82,274.32,39.92,50.99,0.58,-1,-1,-1
529,3,430.69,304.64,87.46,110.30,0.93,-1,-1,-1
529,6,298.86,269.37,17.34,28.62,0.65,-1,-1,-1
530,5,215.59,286.46,32.81,42.09,0.62,-1,-1,-1
530,3,433.36,305.78,87.51,111.04,0.94,-1,-1,-1
530,6,299.18,269.16,17.82,29.46,0.64,-1,-1,-1
531,5,213.57,291.76,31.60,40.88,0.66,-1,-1,-1
531,3,437.52,306.93,87.10,111.28,0.92,-1,-1,-1
531,6,300.31,269.09,17.31,28.70,0.62,-1,-1,-1
532,5,213.86,298.22,29.37,38.04,0.69,-1,-1,-1
532,3,441.24,306.31,86.79,111.91,0.91,-1,-1,-1
532,6,292.04,268.91,19.33,31.49,0.58,-1,-1,-1
533,5,216.92,309.97,23.94,30.48,0.48,-1,-1,-1
533,3,444.87,305.61,86.63,112.69,0.92,-1,-1,-1
533,6,287.26,269.00,21.21,33.94,0.78,-1,-1,-1
534,5,217.54,315.17,23.14,29.47,0.41,-1,-1,-1
534,3,448.28,303.85,86.30,112.66,0.94,-1,-1,-1
534,6,285.17,269.35,21.76,34.21,0.81,-1,-1,-1
535,5,217.46,319.40,22.63,28.87,0.60,-1,-1,-1
535,3,452.79,302.12,86.36,113.49,0.95,-1,-1,-1
535,6,283.78,269.79,22.22,34.24,0.83,-1,-1,-1
536,5,216.89,322.25,22.42,28.41,0.74,-1,-1,-1
536,3,457.33,299.69,87.45,115.24,0.94,-1,-1,-1
536,6,282.21,269.80,22.87,34.51,0.87,-1,-1,-1
537,5,214.99,323.68,24.73,31.45,0.58,-1,-1,-1
537,3,460.96,298.46,87.99,116.17,0.95,-1,-1,-1
537,6,281.60,269.81,23.34,34.57,0.87,-1,-1,-1
538,5,213.08,325.22,22.64,28.33,0.68,-1,-1,-1
538,3,465.52,297.26,88.08,116.49,0.96,-1,-1,-1
538,6,281.13,269.06,24.15,35.16,0.88,-1,-1,-1
539,5,210.50,324.53,24.00,29.65,0.50,-1,-1,-1
539,3,470.27,296.67,88.36,116.57,0.95,-1,-1,-1
539,6,280.71,269.07,24.79,35.35,0.85,-1,-1,-1
540,5,206.51,315.28,31.62,39.41,0.76,-1,-1,-1
540,3,474.33,295.57,88.44,116.27,0.95,-1,-1,-1
540,6,280.38,269.08,25.48,35.70,0.88,-1,-1,-1
541,5,202.71,309.90,36.74,46.02,0.79,-1,-1,-1
541,3,478.85,295.17,88.76,115.82,0.96,-1,-1,-1
541,6,278.34,268.93,25.84,35.80,0.88,-1,-1,-1
542,5,200.78,307.61,39.16,49.45,0.79,-1,-1,-1
542,3,483.35,294.14,89.57,115.92,0.96,-1,-1,-1
542,6,276.98,268.58,26.35,36.12,0.89,-1,-1,-1
543,5,198.96,303.97,41.90,53.36,0.83,-1,-1,-1
543,3,490.56,293.47,89.83,115.05,0.96,-1,-1,-1
543,6,275.50,268.16,26.79,36.51,0.88,-1,-1,-1
544,5,198.97,304.27,41.40,53.26,0.76,-1,-1,-1
544,3,499.67,294.13,89.96,113.51,0.95,-1,-1,-1
544,6,273.83,267.41,27.21,36.94,0.83,-1,-1,-1
545,5,197.78,305.11,40.52,52.85,0.79,-1,-1,-1
545,3,508.51,293.51,92.60,115.00,0.96,-1,-1,-1
545,6,271.38,265.95,28.13,38.26,0.85,-1,-1,-1
546,5,198.37,310.33,36.50,48.03,0.78,-1,-1,-1
546,3,517.77,293.59,94.38,115.54,0.96,-1,-1,-1
546,6,269.76,265.11,28.18,38.46,0.85,-1,-1,-1
547,5,197.55,310.32,36.57,48.71,0.80,-1,-1,-1
547,3,526.18,295.85,94.93,115.44,0.95,-1,-1,-1
547,6,268.46,264.79,27.89,38.22,0.87,-1,-1,-1
548,5,197.45,311.33,36.16,48.36,0.83,-1,-1,-1
548,3,537.30,298.96,96.65,116.58,0.96,-1,-1,-1
548,6,267.33,264.10,27.98,38.40,0.89,-1,-1,-1
549,5,196.82,313.91,35.47,47.60,0.84,-1,-1,-1
549,3,548.45,302.64,98.91,119.06,0.95,-1,-1,-1
549,6,266.44,263.26,27.84,38.16,0.91,-1,-1,-1
550,5,196.03,314.43,35.92,48.16,0.85,-1,-1,-1
550,3,561.17,305.35,103.50,123.81,0.96,-1,-1,-1
550,6,265.76,262.95,27.69,37.75,0.91,-1,-1,-1
551,5,194.31,316.52,35.91,48.36,0.84,-1,-1,-1
551,3,571.71,308.69,105.66,126.77,0.94,-1,-1,-1
551,6,264.80,262.11,27.97,37.88,0.92,-1,-1,-1
552,5,194.05,318.18,36.32,49.30,0.82,-1,-1,-1
552,3,584.07,311.42,108.05,130.21,0.93,-1,-1,-1
552,6,263.89,261.66,28.06,37.62,0.93,-1,-1,-1
553,5,194.34,318.49,37.14,50.81,0.81,-1,-1,-1
553,3,594.60,314.18,107.94,131.79,0.92,-1,-1,-1
553,6,261.80,261.51,28.11,37.51,0.92,-1,-1,-1
554,5,192.08,318.87,36.94,50.79,0.89,-1,-1,-1
554,3,603.22,315.79,108.10,133.52,0.95,-1,-1,-1
554,6,260.74,261.47,27.58,36.57,0.94,-1,-1,-1
555,5,191.11,317.51,36.78,50.75,0.91,-1,-1,-1
555,3,608.52,315.49,107.66,134.43,0.94,-1,-1,-1
555,6,258.73,262.38,27.10,35.91,0.94,-1,-1,-1
556,5,190.62,315.63,36.43,50.41,0.90,-1,-1,-1
556,3,614.77,312.83,107.78,134.72,0.92,-1,-1,-1
556,6,256.53,262.13,27.83,36.86,0.92,-1,-1,-1
557,5,190.70,314.15,35.67,49.08,0.90,-1,-1,-1
557,3,615.93,308.38,107.90,135.66,0.92,-1,-1,-1
557,6,254.37,261.89,28.22,37.51,0.93,-1,-1,-1
558,5,190.91,312.97,35.27,48.25,0.90,-1,-1,-1
558,3,615.84,306.51,105.47,133.92,0.93,-1,-1,-1
558,6,252.36,262.70,28.18,37.75,0.89,-1,-1,-1
559,5,190.93,311.78,35.13,47.64,0.89,-1,-1,-1
559,3,613.70,302.21,106.32,137.04,0.96,-1,-1,-1
559,6,251.45,263.02,26.50,35.77,0.73,-1,-1,-1
560,5,190.07,311.03,35.51,47.70,0.90,-1,-1,-1
560,3,616.06,299.14,103.47,134.38,0.95,-1,-1,-1
560,6,249.66,263.30,25.88,34.99,0.83,-1,-1,-1
561,5,189.69,310.46,35.98,48.02,0.90,-1,-1,-1
561,3,619.15,295.14,101.00,131.50,0.97,-1,-1,-1
561,6,247.71,264.16,26.55,36.22,0.86,-1,-1,-1
562,5,189.53,310.41,36.21,48.14,0.91,-1,-1,-1
562,3,622.19,291.26,100.65,130.98,0.98,-1,-1,-1
562,6,246.33,264.91,26.73,36.96,0.84,-1,-1,-1
563,5,189.40,310.54,36.50,48.18,0.93,-1,-1,-1
563,3,626.02,289.26,99.54,128.98,0.97,-1,-1,-1
563,6,245.16,265.64,26.73,37.54,0.82,-1,-1,-1
564,5,189.10,310.30,37.27,48.78,0.94,-1,-1,-1
564,3,627.43,285.42,101.19,130.91,0.97,-1,-1,-1
564,6,244.39,265.77,25.43,35.70,0.81,-1,-1,-1
565,5,188.59,310.81,38.12,49.30,0.94,-1,-1,-1
565,3,630.79,282.40,102.37,132.21,0.97,-1,-1,-1
565,6,242.59,266.26,26.92,38.30,0.83,-1,-1,-1
566,5,188.27,311.75,38.84,49.79,0.94,-1,-1,-1
566,3,633.91,281.47,102.94,132.11,0.97,-1,-1,-1
566,6,241.50,266.14,28.33,40.96,0.86,-1,-1,-1
567,5,188.29,313.00,39.45,50.27,0.94,-1,-1,-1
567,3,635.41,280.45,104.55,133.54,0.97,-1,-1,-1
567,6,241.54,266.23,28.32,41.42,0.81,-1,-1,-1
568,5,187.85,314.50,40.46,51.32,0.95,-1,-1,-1
568,3,637.38,279.23,106.81,136.13,0.97,-1,-1,-1
568,6,241.34,265.39,28.31,41.58,0.91,-1,-1,-1
569,5,187.84,316.54,41.49,52.30,0.94,-1,-1,-1
569,3,639.37,279.85,108.44,137.98,0.97,-1,-1,-1
569,6,240.76,264.03,28.82,42.21,0.93,-1,-1,-1
570,5,188.13,318.34,41.90,52.38,0.93,-1,-1,-1
570,3,641.57,282.65,110.03,139.84,0.97,-1,-1,-1
570,6,240.39,263.36,29.09,42.43,0.92,-1,-1,-1
571,5,188.36,319.01,42.51,52.68,0.93,-1,-1,-1
571,3,642.71,284.80,113.86,144.64,0.97,-1,-1,-1
571,6,240.40,262.96,29.25,42.50,0.93,-1,-1,-1
572,5,187.98,318.51,43.00,53.08,0.94,-1,-1,-1
572,3,643.87,288.84,115.42,146.44,0.97,-1,-1,-1
572,6,240.21,262.81,29.19,42.22,0.93,-1,-1,-1
573,5,188.17,317.41,42.96,52.92,0.95,-1,-1,-1
573,3,643.52,292.34,117.92,149.72,0.97,-1,-1,-1
573,6,239.74,262.46,29.43,42.39,0.94,-1,-1,-1
574,5,188.13,316.53,43.04,52.85,0.94,-1,-1,-1
574,3,641.97,291.94,122.68,156.19,0.97,-1,-1,-1
574,6,239.46,262.33,29.50,42.15,0.93,-1,-1,-1
575,5,187.64,315.15,43.28,53.11,0.94,-1,-1,-1
575,3,642.68,292.94,124.02,158.63,0.97,-1,-1,-1
575,6,239.11,262.29,29.77,42.34,0.93,-1,-1,-1
576,5,187.86,313.73,43.28,52.90,0.94,-1,-1,-1
576,3,643.99,293.61,124.58,160.09,0.97,-1,-1,-1
576,6,239.21,262.43,29.76,42.11,0.93,-1,-1,-1
577,5,188.38,312.45,43.53,53.11,0.93,-1,-1,-1
577,3,645.37,292.70,125.19,161.45,0.97,-1,-1,-1
577,6,239.14,262.78,30.01,42.30,0.93,-1,-1,-1
578,5,189.43,310.94,44.15,53.77,0.94,-1,-1,-1
578,3,647.34,290.00,125.28,161.62,0.97,-1,-1,-1
578,6,239.27,262.92,30.42,42.67,0.93,-1,-1,-1
579,5,190.19,309.63,44.54,54.01,0.94,-1,-1,-1
579,3,648.68,285.13,126.29,163.07,0.97,-1,-1,-1
579,6,239.79,263.42,30.56,42.50,0.93,-1,-1,-1
580,5,191.49,309.15,43.90,52.91,0.94,-1,-1,-1
580,3,651.71,280.64,126.75,163.57,0.97,-1,-1,-1
580,6,240.63,264.35,30.56,42.13,0.93,-1,-1,-1
581,5,192.23,308.69,44.03,52.78,0.94,-1,-1,-1
581,3,657.79,277.32,126.33,162.81,0.97,-1,-1,-1
581,6,241.85,265.45,30.55,41.69,0.94,-1,-1,-1
582,5,193.52,308.68,44.35,52.72,0.94,-1,-1,-1
582,3,661.72,270.92,127.48,164.53,0.97,-1,-1,-1
582,6,243.07,265.86,30.85,41.82,0.94,-1,-1,-1
583,5,195.08,308.85,44.58,52.70,0.94,-1,-1,-1
583,3,666.03,265.01,127.38,164.25,0.97,-1,-1,-1
583,6,244.05,266.30,31.39,42.16,0.94,-1,-1,-1
584,5,196.74,310.26,44.88,52.69,0.94,-1,-1,-1
584,3,672.11,260.89,129.47,166.74,0.96,-1,-1,-1
584,6,245.31,267.49,31.89,42.58,0.91,-1,-1,-1
585,5,200.17,313.78,43.70,50.90,0.94,-1,-1,-1
585,3,678.09,257.93,128.58,165.30,0.96,-1,-1,-1
585,6,245.80,267.20,32.31,43.03,0.90,-1,-1,-1
586,5,203.26,315.89,44.44,51.42,0.92,-1,-1,-1
586,3,683.65,253.63,129.69,165.87,0.96,-1,-1,-1
586,6,246.10,266.77,32.52,43.20,0.91,-1,-1,-1
587,5,206.23,317.84,45.28,51.91,0.94,-1,-1,-1
587,3,690.61,249.14,131.37,167.82,0.96,-1,-1,-1
587,6,246.37,266.01,32.26,42.67,0.93,-1,-1,-1
588,5,209.31,319.89,46.04,52.40,0.92,-1,-1,-1
588,3,699.51,246.79,132.17,168.82,0.96,-1,-1,-1
588,6,246.09,265.41,31.99,42.16,0.93,-1,-1,-1
589,5,212.70,321.09,46.51,52.58,0.93,-1,-1,-1
589,3,708.16,247.48,132.26,168.86,0.95,-1,-1,-1
589,6,245.09,264.44,32.46,42.56,0.93,-1,-1,-1
590,5,216.54,323.14,46.18,51.76,0.92,-1,-1,-1
590,3,719.90,246.37,134.55,171.20,0.95,-1,-1,-1
590,6,243.85,262.15,33.16,43.30,0.93,-1,-1,-1
591,5,218.61,321.20,47.36,52.94,0.93,-1,-1,-1
591,3,739.56,244.70,143.48,177.94,0.96,-1,-1,-1
591,6,242.46,260.10,33.49,43.58,0.94,-1,-1,-1
592,5,220.78,318.24,48.63,54.26,0.92,-1,-1,-1
592,3,748.22,249.22,145.88,179.88,0.94,-1,-1,-1
592,6,241.21,259.19,33.28,43.09,0.94,-1,-1,-1
593,5,223.77,314.30,48.60,54.17,0.91,-1,-1,-1
593,3,761.36,250.20,154.77,187.60,0.96,-1,-1,-1
593,6,239.89,258.12,33.09,42.60,0.94,-1,-1,-1
594,5,226.88,311.29,49.15,54.42,0.91,-1,-1,-1
594,3,773.34,253.80,159.72,193.10,0.94,-1,-1,-1
594,6,238.44,257.14,33.16,42.41,0.94,-1,-1,-1
595,5,231.44,308.83,47.75,52.15,0.91,-1,-1,-1
595,3,788.90,258.58,162.73,196.04,0.93,-1,-1,-1
595,6,237.14,256.05,33.54,42.64,0.94,-1,-1,-1
596,5,234.60,304.15,48.66,52.77,0.90,-1,-1,-1
596,3,802.42,258.59,166.35,202.04,0.94,-1,-1,-1
596,6,235.56,255.37,33.52,42.13,0.93,-1,-1,-1
597,5,237.51,301.12,48.90,52.70,0.91,-1,-1,-1
597,3,818.32,266.42,162.86,199.64,0.92,-1,-1,-1
597,6,234.26,254.99,33.17,41.33,0.94,-1,-1,-1
598,5,240.83,298.83,49.39,52.97,0.89,-1,-1,-1
598,3,833.63,277.01,157.05,192.82,0.93,-1,-1,-1
598,6,233.16,255.03,33.12,40.74,0.93,-1,-1,-1
599,5,243.24,296.54,50.92,54.55,0.91,-1,-1,-1
599,3,845.07,274.06,158.18,196.19,0.94,-1,-1,-1
599,6,231.53,255.22,33.19,40.52,0.94,-1,-1,-1
600,5,244.82,294.69,52.04,55.73,0.93,-1,-1,-1
600,3,859.04,277.94,152.70,190.94,0.93,-1,-1,-1
600,6,229.39,255.46,33.43,40.45,0.93,-1,-1,-1
601,5,248.22,294.18,51.96,55.59,0.92,-1,-1,-1
601,3,867.01,273.27,153.26,192.84,0.90,-1,-1,-1
601,6,226.54,255.57,34.33,41.32,0.94,-1,-1,-1
602,5,251.27,294.20,53.53,57.30,0.93,-1,-1,-1
602,3,875.22,267.65,153.27,194.85,0.95,-1,-1,-1
602,6,223.40,255.77,35.39,42.25,0.94,-1,-1,-1
603,5,255.89,294.68,53.17,56.76,0.92,-1,-1,-1
603,3,888.36,263.43,149.86,191.73,0.96,-1,-1,-1
603,6,219.29,256.89,36.33,43.19,0.94,-1,-1,-1
604,5,261.76,295.67,51.11,54.17,0.88,-1,-1,-1
604,3,894.53,248.85,153.95,199.12,0.96,-1,-1,-1
604,6,216.03,258.94,37.24,44.43,0.94,-1,-1,-1
605,5,267.97,296.56,52.32,55.27,0.89,-1,-1,-1
605,3,900.80,243.17,153.20,198.62,0.95,-1,-1,-1
605,6,212.38,260.02,38.99,46.65,0.93,-1,-1,-1
606,5,284.71,298.67,46.12,49.75,0.86,-1,-1,-1
606,3,908.93,237.80,151.80,197.17,0.95,-1,-1,-1
606,6,209.80,261.73,39.86,48.07,0.93,-1,-1,-1
607,5,282.57,299.72,46.28,50.05,0.84,-1,-1,-1
607,3,916.06,230.36,151.89,198.06,0.94,-1,-1,-1
607,6,207.24,262.40,41.06,50.06,0.92,-1,-1,-1
608,5,287.79,299.93,44.56,47.44,0.87,-1,-1,-1
608,3,914.99,212.57,160.54,210.78,0.96,-1,-1,-1
608,6,205.60,262.65,41.68,51.39,0.91,-1,-1,-1
609,5,293.59,300.49,45.00,46.79,0.89,-1,-1,-1
609,3,916.22,201.21,165.42,218.40,0.95,-1,-1,-1
609,6,204.68,262.73,41.38,51.60,0.92,-1,-1,-1
610,5,298.45,300.84,47.82,49.02,0.90,-1,-1,-1
610,3,921.97,195.61,164.55,219.01,0.96,-1,-1,-1
610,6,203.90,262.89,40.87,51.36,0.92,-1,-1,-1
611,5,303.21,299.93,48.59,48.94,0.84,-1,-1,-1
611,3,930.58,196.86,158.97,212.98,0.95,-1,-1,-1
611,6,203.79,262.51,40.19,50.95,0.92,-1,-1,-1
612,5,305.18,298.69,47.56,47.43,0.82,-1,-1,-1
612,3,934.63,184.47,165.32,222.62,0.96,-1,-1,-1
612,6,203.86,261.61,39.92,51.06,0.92,-1,-1,-1
613,5,309.17,297.01,43.84,43.24,0.86,-1,-1,-1
613,3,940.55,181.64,165.55,223.60,0.96,-1,-1,-1
613,6,204.28,260.96,39.21,50.50,0.92,-1,-1,-1
614,5,313.60,294.53,45.37,43.88,0.77,-1,-1,-1
614,3,944.86,178.43,168.04,227.40,0.95,-1,-1,-1
614,6,205.32,260.12,38.11,49.38,0.92,-1,-1,-1
615,5,318.32,291.73,49.03,46.53,0.90,-1,-1,-1
615,3,949.57,176.86,170.55,231.33,0.96,-1,-1,-1
615,6,205.76,259.20,37.63,48.93,0.92,-1,-1,-1
616,5,322.08,288.96,51.14,47.80,0.89,-1,-1,-1
616,3,956.43,183.66,169.10,229.91,0.94,-1,-1,-1
616,6,206.71,258.41,36.99,48.17,0.93,-1,-1,-1
617,5,326.09,287.04,51.49,47.13,0.88,-1,-1,-1
617,3,956.10,181.79,176.27,239.26,0.93,-1,-1,-1
617,6,207.45,257.82,36.37,47.27,0.93,-1,-1,-1
618,5,329.66,285.01,51.62,46.27,0.91,-1,-1,-1
618,3,963.91,195.45,175.57,236.56,0.91,-1,-1,-1
618,6,208.04,256.86,36.18,46.94,0.93,-1,-1,-1
619,5,333.32,284.01,52.35,45.95,0.90,-1,-1,-1
619,3,968.14,202.56,179.39,240.43,0.89,-1,-1,-1
619,6,208.60,256.36,35.92,46.51,0.94,-1,-1,-1
620,5,336.65,283.38,53.74,46.44,0.93,-1,-1,-1
620,3,972.07,214.01,180.48,240.00,0.85,-1,-1,-1
620,6,209.23,255.74,35.91,46.36,0.94,-1,-1,-1
621,5,340.14,283.79,54.55,46.63,0.83,-1,-1,-1
621,3,979.32,223.11,181.85,241.27,0.11,-1,-1,-1
621,6,209.61,255.22,36.17,46.61,0.94,-1,-1,-1
622,5,340.10,284.43,63.77,55.03,0.94,-1,-1,-1
622,3,984.98,214.56,193.78,257.80,0.78,-1,-1,-1
622,6,210.09,255.04,36.59,47.00,0.94,-1,-1,-1
623,5,342.98,287.43,67.88,59.17,0.96,-1,-1,-1
623,3,985.08,188.04,214.77,289.27,0.13,-1,-1,-1
623,6,210.81,254.69,36.95,47.45,0.94,-1,-1,-1
624,5,344.87,290.28,72.92,64.82,0.95,-1,-1,-1
624,6,212.25,255.01,37.34,47.92,0.94,-1,-1,-1
625,5,347.60,293.39,74.73,67.90,0.95,-1,-1,-1
625,6,213.64,255.30,37.93,48.69,0.93,-1,-1,-1
626,5,351.85,296.80,75.08,69.95,0.96,-1,-1,-1
626,6,214.86,256.15,38.16,48.97,0.93,-1,-1,-1
627,5,357.88,298.59,74.25,70.72,0.95,-1,-1,-1
627,6,215.30,257.23,38.94,50.26,0.90,-1,-1,-1
628,5,363.51,298.44,74.35,72.40,0.96,-1,-1,-1
628,6,215.48,257.93,39.70,51.62,0.91,-1,-1,-1
628,3,1052.77,197.38,190.70,256.19,0.68,-1,-1,-1
629,5,369.60,297.22,74.39,73.88,0.95,-1,-1,-1
629,6,215.91,258.93,40.11,52.43,0.93,-1,-1,-1
629,3,1056.59,134.60,222.20,304.26,0.55,-1,-1,-1
630,5,375.25,296.01,73.91,74.69,0.95,-1,-1,-1
630,6,216.10,259.46,40.76,53.60,0.93,-1,-1,-1
630,3,1062.70,106.18,229.34,320.23,0.58,-1,-1,-1
631,5,380.49,294.08,74.02,76.11,0.95,-1,-1,-1
631,6,216.02,259.80,41.29,54.62,0.90,-1,-1,-1
631,3,1070.12,91.01,230.67,330.42,0.72,-1,-1,-1
632,5,384.03,290.72,75.96,79.51,0.94,-1,-1,-1
632,6,216.03,259.93,41.59,55.29,0.90,-1,-1,-1
632,3,1079.54,78.11,226.71,333.83,0.79,-1,-1,-1
633,5,388.96,288.28,73.10,77.63,0.93,-1,-1,-1
633,6,215.95,259.53,41.54,55.53,0.91,-1,-1,-1
633,3,1090.07,66.89,220.04,334.65,0.14,-1,-1,-1
634,5,393.54,285.85,70.93,75.90,0.94,-1,-1,-1
634,6,216.07,259.52,40.96,55.01,0.94,-1,-1,-1
634,3,1098.69,57.15,217.02,342.86,0.12,-1,-1,-1
635,5,396.40,283.32,69.88,75.49,0.96,-1,-1,-1
635,6,216.04,259.50,40.65,54.79,0.94,-1,-1,-1
636,5,398.62,281.21,69.11,75.59,0.96,-1,-1,-1
636,6,215.61,259.64,40.45,54.69,0.94,-1,-1,-1
636,3,1129.61,39.39,189.47,314.69,0.76,-1,-1,-1
637,5,400.98,279.40,69.18,76.48,0.95,-1,-1,-1
637,6,215.07,259.54,40.52,54.94,0.93,-1,-1,-1
637,3,1161.60,36.65,145.54,251.17,0.70,-1,-1,-1
638,5,403.52,278.17,68.43,76.20,0.95,-1,-1,-1
638,6,214.62,259.65,40.72,55.31,0.93,-1,-1,-1
639,5,406.24,276.70,68.64,76.65,0.94,-1,-1,-1
639,6,214.12,259.83,40.72,55.45,0.93,-1,-1,-1
639,3,1192.48,40.30,95.32,165.33,0.64,-1,-1,-1
640,5,409.56,276.04,68.74,76.79,0.95,-1,-1,-1
640,6,213.58,259.90,40.87,55.78,0.93,-1,-1,-1
641,5,411.35,275.53,69.24,77.71,0.95,-1,-1,-1
641,6,213.14,259.77,40.84,55.90,0.94,-1,-1,-1
642,5,413.44,275.97,70.19,79.21,0.95,-1,-1,-1
642,6,212.91,260.31,40.34,55.34,0.94,-1,-1,-1
643,5,415.86,277.34,70.60,80.35,0.95,-1,-1,-1
643,6,211.77,260.81,40.26,55.41,0.94,-1,-1,-1
644,5,419.12,279.96,71.42,81.93,0.95,-1,-1,-1
644,6,210.24,261.44,39.99,55.13,0.94,-1,-1,-1
645,5,422.43,282.88,72.53,83.97,0.95,-1,-1,-1
645,6,208.11,261.82,40.03,55.32,0.94,-1,-1,-1
646,5,426.68,287.08,72.76,85.02,0.95,-1,-1,-1
646,6,205.22,262.69,40.48,55.98,0.91,-1,-1,-1
647,5,430.95,292.65,72.33,85.39,0.95,-1,-1,-1
647,6,202.79,263.61,40.64,56.22,0.86,-1,-1,-1
648,5,436.02,298.16,72.24,86.08,0.94,-1,-1,-1
648,6,201.12,264.83,40.53,56.01,0.87,-1,-1,-1
649,5,440.10,302.58,73.55,88.37,0.93,-1,-1,-1
649,6,200.05,265.13,40.41,55.92,0.89,-1,-1,-1
650,5,443.87,305.98,75.83,92.42,0.93,-1,-1,-1
650,6,198.86,265.38,41.05,56.78,0.88,-1,-1,-1
651,5,448.37,309.84,75.74,93.37,0.92,-1,-1,-1
651,6,198.21,265.60,41.10,56.80,0.90,-1,-1,-1
651,7,285.31,271.12,26.62,33.75,0.77,-1,-1,-1
652,5,452.39,314.20,74.82,93.11,0.92,-1,-1,-1
652,6,198.18,265.23,41.58,57.39,0.91,-1,-1,-1
652,7,284.81,271.30,25.85,32.73,0.69,-1,-1,-1
653,5,455.80,317.57,74.12,92.95,0.93,-1,-1,-1
653,6,198.75,265.37,42.15,57.90,0.91,-1,-1,-1
653,7,284.37,271.18,26.45,33.43,0.59,-1,-1,-1
654,5,459.61,319.51,72.54,91.38,0.94,-1,-1,-1
654,6,198.78,266.00,41.85,57.50,0.94,-1,-1,-1
654,7,284.21,270.14,26.73,33.66,0.63,-1,-1,-1
655,5,461.98,318.52,72.74,92.22,0.93,-1,-1,-1
655,6,200.86,265.78,43.43,58.82,0.94,-1,-1,-1
655,7,283.67,269.95,27.19,34.07,0.61,-1,-1,-1
656,5,465.11,316.90,72.24,91.92,0.93,-1,-1,-1
656,6,201.41,266.58,43.99,59.01,0.94,-1,-1,-1
656,7,282.19,271.79,26.50,32.95,0.66,-1,-1,-1
657,5,467.28,314.73,72.77,92.96,0.92,-1,-1,-1
657,6,201.02,268.64,43.38,58.19,0.94,-1,-1,-1
657,7,280.83,272.31,26.97,33.16,0.77,-1,-1,-1
658,5,470.45,312.08,71.60,91.26,0.94,-1,-1,-1
658,6,201.09,269.71,42.94,57.86,0.94,-1,-1,-1
658,7,280.46,272.80,26.66,32.62,0.83,-1,-1,-1
659,5,473.32,309.82,70.48,89.39,0.93,-1,-1,-1
659,6,201.71,270.69,43.15,58.33,0.95,-1,-1,-1
659,7,279.00,272.66,26.80,32.74,0.86,-1,-1,-1
660,5,475.68,307.73,70.23,88.66,0.93,-1,-1,-1
660,6,202.56,272.82,43.21,58.50,0.94,-1,-1,-1
660,7,276.77,272.60,27.26,33.09,0.84,-1,-1,-1
661,5,478.05,306.20,70.50,88.69,0.93,-1,-1,-1
661,6,204.02,274.64,43.41,58.85,0.94,-1,-1,-1
661,7,275.76,272.27,27.87,33.52,0.85,-1,-1,-1
662,5,479.71,305.32,70.62,88.39,0.93,-1,-1,-1
662,6,205.12,277.96,44.07,60.16,0.86,-1,-1,-1
662,7,276.65,271.69,28.02,33.38,0.82,-1,-1,-1
663,5,482.37,305.28,70.53,87.68,0.94,-1,-1,-1
663,6,206.65,280.66,45.02,61.83,0.88,-1,-1,-1
663,7,275.60,271.77,28.23,33.33,0.83,-1,-1,-1
664,5,483.63,305.43,70.95,87.71,0.94,-1,-1,-1
664,6,208.85,284.43,45.88,63.33,0.85,-1,-1,-1
664,7,275.89,271.50,28.50,33.31,0.83,-1,-1,-1
665,5,485.18,305.19,71.72,88.32,0.94,-1,-1,-1
665,6,214.22,288.03,39.38,53.68,0.27,-1,-1,-1
665,7,275.54,272.44,27.77,32.41,0.79,-1,-1,-1
666,5,486.39,305.39,72.34,88.55,0.95,-1,-1,-1
666,6,217.86,293.42,36.52,49.04,0.69,-1,-1,-1
666,7,276.83,271.89,28.92,33.58,0.83,-1,-1,-1
667,5,485.97,304.88,75.92,93.10,0.95,-1,-1,-1
667,6,222.22,302.08,32.92,42.79,0.75,-1,-1,-1
667,7,276.69,271.99,29.11,33.41,0.82,-1,-1,-1
668,5,486.77,305.28,78.15,95.95,0.95,-1,-1,-1
668,6,224.08,307.55,32.86,41.64,0.55,-1,-1,-1
668,7,275.26,273.96,27.80,31.86,0.81,-1,-1,-1
669,5,486.17,306.60,80.67,99.37,0.95,-1,-1,-1
669,6,225.07,312.85,32.96,41.00,0.33,-1,-1,-1
669,7,273.99,275.31,26.65,30.65,0.79,-1,-1,-1
670,5,486.19,309.29,82.14,102.12,0.95,-1,-1,-1
670,6,225.07,317.52,34.28,42.08,0.29,-1,-1,-1
670,7,273.40,275.49,26.53,30.53,0.84,-1,-1,-1
671,5,488.03,312.51,81.82,102.00,0.96,-1,-1,-1
671,7,272.37,275.40,26.64,30.79,0.81,-1,-1,-1
672,5,491.47,314.78,82.52,103.07,0.95,-1,-1,-1
672,7,270.22,274.90,26.98,31.50,0.85,-1,-1,-1
673,5,492.77,317.24,86.21,108.71,0.94,-1,-1,-1
673,7,268.76,273.81,27.58,32.36,0.84,-1,-1,-1
673,6,222.19,323.61,35.12,42.12,0.66,-1,-1,-1
674,5,499.05,319.02,84.01,106.22,0.94,-1,-1,-1
674,7,267.32,272.96,28.75,33.87,0.88,-1,-1,-1
674,6,220.75,321.84,35.97,42.29,0.86,-1,-1,-1
675,5,506.75,319.39,83.13,104.25,0.94,-1,-1,-1
675,7,266.05,272.63,29.22,34.44,0.90,-1,-1,-1
675,6,214.35,318.95,47.52,56.71,0.84,-1,-1,-1
676,5,513.84,317.27,84.35,104.64,0.95,-1,-1,-1
676,7,264.30,272.06,29.65,35.24,0.89,-1,-1,-1
676,6,210.77,316.76,52.62,63.84,0.89,-1,-1,-1
677,5,519.69,314.38,84.14,102.99,0.95,-1,-1,-1
677,7,262.89,271.70,29.88,35.83,0.89,-1,-1,-1
677,6,209.67,314.58,52.50,64.22,0.94,-1,-1,-1
678,5,524.33,309.67,86.09,104.70,0.95,-1,-1,-1
678,7,261.87,270.84,30.41,36.64,0.91,-1,-1,-1
678,6,208.49,311.99,53.00,65.37,0.94,-1,-1,-1
679,5,528.26,306.00,86.34,104.74,0.94,-1,-1,-1
679,7,261.06,269.93,30.94,37.52,0.90,-1,-1,-1
679,6,207.12,310.79,52.64,65.48,0.94,-1,-1,-1
680,5,533.16,301.79,85.82,103.84,0.96,-1,-1,-1
680,7,260.31,269.58,30.91,37.55,0.89,-1,-1,-1
680,6,205.20,310.85,52.04,65.17,0.94,-1,-1,-1
681,5,538.07,296.79,86.35,104.36,0.95,-1,-1,-1
681,7,258.49,270.19,29.93,36.67,0.86,-1,-1,-1
681,6,202.45,311.58,51.88,65.26,0.94,-1,-1,-1
682,5,543.85,292.58,87.30,105.43,0.95,-1,-1,-1
682,7,256.79,270.59,29.24,36.02,0.86,-1,-1,-1
682,6,199.29,312.27,51.55,65.24,0.94,-1,-1,-1
683,5,549.03,288.68,89.07,107.89,0.96,-1,-1,-1
683,7,255.96,270.45,28.86,35.76,0.89,-1,-1,-1
683,6,196.10,313.83,51.01,64.88,0.94,-1,-1,-1
684,5,558.14,287.84,90.43,108.80,0.95,-1,-1,-1
684,7,254.15,270.40,29.11,36.26,0.90,-1,-1,-1
684,6,193.05,315.14,50.68,64.69,0.94,-1,-1,-1
685,5,563.92,288.04,91.95,111.19,0.95,-1,-1,-1
685,7,251.82,271.13,29.04,36.44,0.89,-1,-1,-1
685,6,190.44,316.50,50.72,64.86,0.93,-1,-1,-1
686,5,574.20,290.95,92.44,111.48,0.95,-1,-1,-1
686,7,249.87,271.70,28.86,36.50,0.90,-1,-1,-1
686,6,188.08,316.99,51.42,66.06,0.93,-1,-1,-1
687,5,582.54,293.77,94.07,113.33,0.96,-1,-1,-1
687,7,247.81,271.33,29.46,37.70,0.86,-1,-1,-1
687,6,187.30,317.15,50.94,65.61,0.92,-1,-1,-1
688,5,590.82,298.10,95.84,115.47,0.96,-1,-1,-1
688,7,246.41,271.05,29.54,38.15,0.88,-1,-1,-1
688,6,187.33,316.00,50.30,64.80,0.93,-1,-1,-1
689,5,599.40,303.59,97.56,118.01,0.96,-1,-1,-1
689,7,244.85,271.08,29.37,38.31,0.89,-1,-1,-1
689,6,187.81,313.01,51.16,65.94,0.93,-1,-1,-1
690,5,605.92,308.48,103.04,125.96,0.96,-1,-1,-1
690,7,244.08,270.51,29.47,38.66,0.89,-1,-1,-1
690,6,190.02,311.72,49.70,63.99,0.92,-1,-1,-1
691,5,613.90,312.06,103.06,126.67,0.96,-1,-1,-1
691,7,243.43,270.00,28.56,37.61,0.88,-1,-1,-1
691,6,191.09,307.78,50.47,64.99,0.95,-1,-1,-1
692,5,621.01,314.62,103.89,128.32,0.97,-1,-1,-1
692,7,242.80,267.86,28.81,38.08,0.90,-1,-1,-1
692,6,193.03,305.43,50.42,64.75,0.95,-1,-1,-1
693,5,629.47,316.30,104.56,129.48,0.96,-1,-1,-1
693,7,242.26,266.19,28.99,38.55,0.90,-1,-1,-1
693,6,195.29,303.66,49.81,63.46,0.95,-1,-1,-1
694,5,636.29,315.02,102.46,127.24,0.96,-1,-1,-1
694,7,241.83,264.98,29.00,38.72,0.92,-1,-1,-1
694,6,197.38,302.42,50.13,63.24,0.94,-1,-1,-1
695,5,642.03,312.69,100.72,125.11,0.96,-1,-1,-1
695,7,241.20,264.09,28.84,38.48,0.92,-1,-1,-1
695,6,199.35,301.09,50.83,63.45,0.95,-1,-1,-1
696,5,647.36,307.46,100.91,125.44,0.96,-1,-1,-1
696,7,241.15,263.18,28.50,38.09,0.92,-1,-1,-1
696,6,201.00,299.73,51.94,64.41,0.95,-1,-1,-1
697,5,652.32,301.49,102.30,127.31,0.96,-1,-1,-1
697,7,240.71,262.72,28.39,37.93,0.92,-1,-1,-1
697,6,203.15,298.65,52.60,65.06,0.95,-1,-1,-1
698,5,656.61,296.29,104.05,129.75,0.96,-1,-1,-1
698,7,240.36,262.27,28.50,38.17,0.93,-1,-1,-1
698,6,206.34,299.02,52.79,65.00,0.95,-1,-1,-1
699,5,661.76,290.66,104.86,130.94,0.96,-1,-1,-1
699,7,240.13,261.82,28.50,38.25,0.93,-1,-1,-1
699,6,209.52,300.23,53.81,66.15,0.95,-1,-1,-1
700,5,666.34,287.35,105.38,131.94,0.97,-1,-1,-1
700,7,239.78,261.68,28.51,38.28,0.93,-1,-1,-1
700,6,213.59,301.30,55.83,68.64,0.94,-1,-1,-1
701,5,670.45,285.56,105.10,131.99,0.96,-1,-1,-1
701,7,239.41,261.35,28.73,38.58,0.93,-1,-1,-1
701,6,217.94,303.77,56.38,69.57,0.92,-1,-1,-1
702,5,674.35,284.49,105.75,132.85,0.96,-1,-1,-1
702,7,239.47,261.54,28.77,38.70,0.93,-1,-1,-1
702,6,222.46,305.18,57.60,71.38,0.92,-1,-1,-1
703,5,678.15,284.15,107.43,135.20,0.97,-1,-1,-1
703,7,239.40,261.78,29.33,39.62,0.93,-1,-1,-1
703,6,227.23,306.75,58.36,72.63,0.91,-1,-1,-1
704,5,681.55,285.83,108.48,137.23,0.96,-1,-1,-1
704,7,238.76,262.32,29.92,40.56,0.94,-1,-1,-1
704,6,231.52,308.23,59.07,73.96,0.88,-1,-1,-1
705,5,685.14,287.71,110.37,140.03,0.96,-1,-1,-1
705,7,238.28,263.13,30.35,41.20,0.94,-1,-1,-1
705,6,235.86,309.52,59.32,74.74,0.87,-1,-1,-1
706,5,687.83,292.27,111.60,142.22,0.96,-1,-1,-1
706,7,238.82,263.74,30.85,41.73,0.93,-1,-1,-1
706,6,238.60,308.99,59.43,75.60,0.91,-1,-1,-1
707,5,688.38,297.57,113.84,146.24,0.96,-1,-1,-1
707,7,239.18,264.71,29.90,40.17,0.92,-1,-1,-1
707,6,239.46,306.72,60.23,77.94,0.93,-1,-1,-1
708,5,689.70,302.37,116.23,150.06,0.96,-1,-1,-1
708,7,239.67,264.65,29.47,39.24,0.92,-1,-1,-1
708,6,241.20,305.12,59.01,77.66,0.93,-1,-1,-1
709,5,691.11,310.33,116.80,151.34,0.72,-1,-1,-1
709,7,239.99,264.02,29.06,38.29,0.91,-1,-1,-1
709,6,244.15,303.16,57.86,76.91,0.94,-1,-1,-1
710,5,696.62,322.62,114.91,148.99,0.81,-1,-1,-1
710,7,239.74,262.89,29.06,37.94,0.90,-1,-1,-1
710,6,247.14,301.39,57.03,76.30,0.95,-1,-1,-1
711,5,698.22,326.87,117.22,151.98,0.82,-1,-1,-1
711,7,238.71,261.27,29.44,38.11,0.92,-1,-1,-1
711,6,249.69,300.13,56.64,76.04,0.95,-1,-1,-1
712,5,706.38,345.24,109.20,139.46,0.85,-1,-1,-1
712,7,238.07,260.53,29.52,37.88,0.93,-1,-1,-1
712,6,250.88,298.48,57.05,77.10,0.95,-1,-1,-1
713,5,708.18,343.34,111.30,141.23,0.88,-1,-1,-1
713,7,237.50,259.81,29.94,38.09,0.92,-1,-1,-1
713,6,251.23,297.59,56.93,77.49,0.95,-1,-1,-1
713,8,729.81,380.92,90.01,99.04,0.74,-1,-1,-1
714,5,714.57,335.18,112.92,143.93,0.64,-1,-1,-1
714,7,236.38,258.37,29.85,37.88,0.89,-1,-1,-1
714,6,252.58,297.12,55.74,76.14,0.94,-1,-1,-1
714,8,735.55,375.69,89.82,98.84,0.90,-1,-1,-1
715,5,729.93,348.39,99.17,124.41,0.91,-1,-1,-1
715,7,235.68,257.54,30.40,38.40,0.90,-1,-1,-1
715,6,253.95,296.53,56.06,76.49,0.94,-1,-1,-1
716,5,746.99,349.67,89.22,110.86,0.91,-1,-1,-1
716,7,234.35,256.81,31.28,39.48,0.93,-1,-1,-1
716,6,255.82,295.88,56.60,76.61,0.95,-1,-1,-1
717,5,744.70,322.17,101.56,127.07,0.92,-1,-1,-1
717,7,233.54,256.40,31.67,39.89,0.93,-1,-1,-1
717,6,256.44,295.21,56.81,76.64,0.95,-1,-1,-1
718,5,744.96,297.16,111.48,140.81,0.92,-1,-1,-1
718,7,231.84,256.12,32.57,41.23,0.93,-1,-1,-1
718,6,258.32,294.84,57.03,76.65,0.96,-1,-1,-1
719,5,741.94,269.01,121.87,153.97,0.95,-1,-1,-1
719,7,230.60,255.74,33.25,42.31,0.94,-1,-1,-1
719,6,260.35,295.31,56.98,76.34,0.96,-1,-1,-1
720,5,752.87,249.91,122.42,157.21,0.93,-1,-1,-1
720,7,228.93,255.61,33.31,42.43,0.93,-1,-1,-1
720,6,261.63,295.52,57.28,76.51,0.96,-1,-1,-1
721,5,759.97,232.63,122.63,158.40,0.94,-1,-1,-1
721,7,226.88,254.99,33.54,42.75,0.93,-1,-1,-1
721,6,263.60,297.69,56.96,75.68,0.97,-1,-1,-1
722,5,762.60,215.40,125.52,161.08,0.97,-1,-1,-1
722,7,225.23,254.63,33.65,42.87,0.93,-1,-1,-1
722,6,266.02,299.87,57.80,76.55,0.96,-1,-1,-1
722,9,293.72,268.61,20.86,25.02,0.68,-1,-1,-1
723,5,770.04,201.99,126.18,160.80,0.96,-1,-1,-1
723,7,224.37,254.51,33.34,42.31,0.93,-1,-1,-1
723,6,269.37,301.43,58.44,77.16,0.95,-1,-1,-1
723,9,292.45,268.47,22.44,26.88,0.65,-1,-1,-1
724,5,778.14,188.44,128.48,162.71,0.96,-1,-1,-1
724,7,222.16,254.48,33.55,42.38,0.93,-1,-1,-1
724,6,273.14,301.43,59.46,78.58,0.96,-1,-1,-1
724,9,289.87,268.92,25.27,30.20,0.79,-1,-1,-1
725,5,786.53,177.58,130.66,164.24,0.96,-1,-1,-1
725,7,219.59,254.63,33.85,42.40,0.92,-1,-1,-1
725,6,276.93,299.35,61.46,81.46,0.96,-1,-1,-1
725,9,289.27,269.40,24.73,29.46,0.69,-1,-1,-1
726,5,793.63,168.21,132.68,165.33,0.97,-1,-1,-1
726,7,217.49,254.86,34.22,42.69,0.92,-1,-1,-1
726,6,281.37,297.97,62.20,82.55,0.96,-1,-1,-1
726,9,288.30,269.73,24.51,29.00,0.78,-1,-1,-1
727,5,803.70,161.16,135.31,167.72,0.97,-1,-1,-1
727,7,215.91,255.84,34.62,43.09,0.92,-1,-1,-1
727,6,285.60,296.41,62.56,82.94,0.96,-1,-1,-1
727,9,288.42,270.15,24.19,28.47,0.51,-1,-1,-1
728,5,814.76,157.41,137.28,169.37,0.97,-1,-1,-1
728,7,214.48,256.52,35.19,43.83,0.93,-1,-1,-1
728,6,290.40,294.20,62.88,83.07,0.96,-1,-1,-1
728,9,287.44,270.75,24.03,27.93,0.58,-1,-1,-1
729,5,825.84,156.26,139.11,170.58,0.98,-1,-1,-1
729,7,213.23,256.63,36.40,45.28,0.92,-1,-1,-1
729,6,295.68,292.48,62.68,82.51,0.95,-1,-1,-1
729,9,286.84,270.19,24.21,27.71,0.38,-1,-1,-1
730,5,837.69,157.32,141.99,173.61,0.97,-1,-1,-1
730,7,213.15,256.82,36.99,46.11,0.92,-1,-1,-1
730,6,299.37,290.21,63.13,82.86,0.95,-1,-1,-1
730,9,293.07,268.90,21.51,24.87,0.63,-1,-1,-1
731,5,849.40,161.08,146.32,178.51,0.97,-1,-1,-1
731,7,213.13,256.90,36.73,45.84,0.92,-1,-1,-1
731,6,303.71,286.57,62.81,82.09,0.95,-1,-1,-1
731,9,294.73,268.40,20.71,24.09,0.67,-1,-1,-1
732,5,860.25,165.80,151.07,183.81,0.97,-1,-1,-1
732,7,213.14,256.63,36.31,45.42,0.91,-1,-1,-1
732,6,307.26,284.18,62.16,80.59,0.94,-1,-1,-1
732,9,284.89,271.03,25.68,29.13,0.78,-1,-1,-1
733,5,871.58,170.38,156.33,189.93,0.97,-1,-1,-1
733,7,212.18,256.83,35.63,44.65,0.89,-1,-1,-1
733,6,310.87,280.93,62.45,80.31,0.95,-1,-1,-1
733,9,281.71,272.90,27.09,29.97,0.69,-1,-1,-1
734,5,884.02,176.02,159.93,193.30,0.97,-1,-1,-1
734,7,211.89,257.20,34.70,43.75,0.89,-1,-1,-1
734,6,314.07,276.03,63.08,80.80,0.94,-1,-1,-1
734,9,282.41,273.82,27.21,29.70,0.26,-1,-1,-1
735,5,893.40,182.16,162.34,196.26,0.97,-1,-1,-1
735,7,211.69,256.75,34.46,43.71,0.87,-1,-1,-1
735,6,319.03,272.47,62.97,79.79,0.95,-1,-1,-1
735,9,282.01,274.31,27.53,29.87,0.13,-1,-1,-1
736,5,902.44,187.94,163.40,197.37,0.97,-1,-1,-1
736,7,211.85,256.13,34.34,43.69,0.88,-1,-1,-1
736,6,324.34,270.30,62.35,77.90,0.95,-1,-1,-1
736,9,286.66,274.92,24.28,26.38,0.63,-1,-1,-1
737,5,908.91,190.50,165.58,200.54,0.97,-1,-1,-1
737,7,212.11,255.00,34.63,44.27,0.88,-1,-1,-1
737,6,330.56,268.37,62.35,77.20,0.95,-1,-1,-1
737,9,288.94,274.65,22.90,24.95,0.74,-1,-1,-1
738,5,911.79,191.54,167.01,203.12,0.97,-1,-1,-1
738,7,212.23,254.29,34.80,44.49,0.88,-1,-1,-1
738,6,337.06,267.58,61.78,76.04,0.94,-1,-1,-1
738,9,289.79,272.84,23.54,26.00,0.60,-1,-1,-1
739,5,913.65,191.77,166.55,203.21,0.97,-1,-1,-1
739,7,212.09,253.73,34.77,44.57,0.91,-1,-1,-1
739,6,345.22,265.87,63.28,77.13,0.95,-1,-1,-1
739,9,289.57,271.61,25.10,28.15,0.69,-1,-1,-1
740,5,913.63,192.34,165.92,203.28,0.97,-1,-1,-1
740,7,212.01,253.23,34.94,44.89,0.91,-1,-1,-1
740,6,350.75,265.89,62.98,76.94,0.94,-1,-1,-1
740,9,289.16,271.73,25.48,28.67,0.71,-1,-1,-1
741,5,913.81,192.37,164.69,202.41,0.97,-1,-1,-1
741,7,211.37,252.61,35.14,45.31,0.92,-1,-1,-1
741,6,358.33,267.32,63.74,77.78,0.94,-1,-1,-1
741,9,289.30,271.19,25.59,29.15,0.67,-1,-1,-1
742,5,913.24,192.86,163.70,201.98,0.97,-1,-1,-1
742,7,211.14,252.09,35.15,45.46,0.91,-1,-1,-1
742,6,364.55,268.05,64.34,79.28,0.95,-1,-1,-1
742,9,289.80,270.98,25.63,29.62,0.66,-1,-1,-1
743,5,911.59,193.74,163.62,202.56,0.97,-1,-1,-1
743,7,211.14,251.90,35.30,45.80,0.91,-1,-1,-1
743,6,372.39,268.82,66.51,82.51,0.94,-1,-1,-1
743,9,289.87,271.05,25.00,29.21,0.65,-1,-1,-1
744,5,908.60,195.20,162.57,201.61,0.97,-1,-1,-1
744,7,211.07,251.85,35.32,45.93,0.91,-1,-1,-1
744,6,379.46,270.01,68.46,85.48,0.93,-1,-1,-1
744,9,289.80,271.52,25.52,30.21,0.72,-1,-1,-1
745,5,905.37,197.11,161.49,200.29,0.97,-1,-1,-1
745,7,211.36,251.84,35.60,46.27,0.92,-1,-1,-1
745,6,385.30,270.64,70.18,87.78,0.94,-1,-1,-1
745,9,290.08,271.99,25.69,30.88,0.68,-1,-1,-1
746,5,899.75,197.47,161.21,200.26,0.97,-1,-1,-1
746,7,212.12,252.44,35.53,46.09,0.91,-1,-1,-1
746,6,390.79,271.06,70.66,88.94,0.93,-1,-1,-1
746,9,289.59,272.61,25.21,30.54,0.61,-1,-1,-1
747,5,892.57,197.31,160.30,199.02,0.97,-1,-1,-1
747,7,212.04,253.27,35.68,46.32,0.90,-1,-1,-1
747,6,396.49,271.68,70.42,89.06,0.92,-1,-1,-1
747,9,289.15,273.15,25.19,30.68,0.69,-1,-1,-1
748,5,882.18,197.92,158.14,196.80,0.97,-1,-1,-1
748,7,212.24,253.89,36.69,47.58,0.88,-1,-1,-1
748,6,401.98,270.91,69.90,88.78,0.93,-1,-1,-1
748,9,289.87,273.49,25.19,31.02,0.49,-1,-1,-1
749,5,871.32,198.59,155.57,194.44,0.97,-1,-1,-1
749,7,212.86,254.71,37.23,48.34,0.91,-1,-1,-1
749,6,406.48,270.33,69.15,88.35,0.91,-1,-1,-1
749,9,276.38,271.86,26.56,33.20,0.86,-1,-1,-1
750,5,861.14,198.32,154.27,193.47,0.96,-1,-1,-1
750,7,213.22,255.32,37.50,48.92,0.92,-1,-1,-1
750,6,408.51,268.06,69.56,89.93,0.93,-1,-1,-1
750,9,271.50,271.10,26.68,33.73,0.83,-1,-1,-1
751,5,850.91,198.59,151.81,190.49,0.96,-1,-1,-1
751,7,212.26,255.84,37.95,49.72,0.92,-1,-1,-1
751,6,410.59,265.45,69.39,90.51,0.93,-1,-1,-1
751,9,268.52,269.92,28.03,35.95,0.85,-1,-1,-1
752,5,836.36,196.43,151.21,189.97,0.96,-1,-1,-1
752,7,212.81,256.33,37.75,49.72,0.92,-1,-1,-1
752,6,414.11,263.74,68.18,89.24,0.94,-1,-1,-1
752,9,266.98,269.04,28.54,37.08,0.88,-1,-1,-1
753,5,821.06,194.73,149.81,188.00,0.96,-1,-1,-1
753,7,213.03,256.22,37.81,49.99,0.92,-1,-1,-1
753,6,415.16,260.14,68.62,90.20,0.94,-1,-1,-1
753,9,266.30,267.98,28.72,37.79,0.88,-1,-1,-1
754,5,802.55,193.50,145.55,182.48,0.97,-1,-1,-1
754,7,212.99,256.02,37.78,50.09,0.93,-1,-1,-1
754,6,416.46,257.20,68.76,90.84,0.93,-1,-1,-1
754,9,266.03,267.57,28.91,38.63,0.91,-1,-1,-1
755,5,787.51,194.27,140.16,175.90,0.96,-1,-1,-1
755,7,212.29,255.64,38.17,50.99,0.93,-1,-1,-1
755,6,418.54,255.24,66.93,88.71,0.94,-1,-1,-1
755,9,265.84,266.41,28.97,39.22,0.91,-1,-1,-1
756,5,769.68,188.93,140.92,176.57,0.96,-1,-1,-1
756,7,211.45,255.94,38.37,51.62,0.93,-1,-1,-1
756,6,421.35,252.16,66.73,87.26,0.95,-1,-1,-1
756,9,265.20,265.53,28.76,39.42,0.90,-1,-1,-1
757,5,755.78,183.86,141.03,176.26,0.97,-1,-1,-1
757,7,210.76,256.19,38.21,51.85,0.93,-1,-1,-1
757,6,421.61,248.82,66.90,86.42,0.96,-1,-1,-1
757,9,264.85,265.21,28.39,39.48,0.89,-1,-1,-1
758,5,742.73,181.41,140.20,174.71,0.97,-1,-1,-1
758,7,210.10,255.70,38.30,52.21,0.94,-1,-1,-1
758,6,421.20,246.44,66.82,84.90,0.95,-1,-1,-1
758,9,264.53,264.80,28.43,40.06,0.90,-1,-1,-1
759,5,732.02,180.11,139.82,173.58,0.97,-1,-1,-1
759,7,209.31,255.36,38.74,52.93,0.94,-1,-1,-1
759,6,420.49,245.03,67.46,84.33,0.96,-1,-1,-1
759,9,263.47,264.08,28.36,40.56,0.84,-1,-1,-1
760,5,723.25,177.95,140.50,174.19,0.97,-1,-1,-1
760,7,208.65,255.52,38.84,53.19,0.94,-1,-1,-1
760,6,418.90,244.12,68.04,83.83,0.96,-1,-1,-1
760,9,262.93,264.11,28.66,41.31,0.89,-1,-1,-1
761,5,719.10,176.01,140.32,173.27,0.97,-1,-1,-1
761,7,207.88,255.29,39.13,53.86,0.93,-1,-1,-1
761,6,416.50,243.70,68.84,83.65,0.96,-1,-1,-1
761,9,261.77,264.43,28.42,41.29,0.88,-1,-1,-1
762,5,717.02,174.98,140.37,172.89,0.97,-1,-1,-1
762,7,206.74,254.76,39.69,54.98,0.93,-1,-1,-1
762,6,413.80,243.31,70.19,84.49,0.96,-1,-1,-1
762,9,260.36,264.42,28.28,41.26,0.89,-1,-1,-1
763,5,718.00,173.75,140.61,172.79,0.97,-1,-1,-1
763,7,205.92,255.14,39.60,55.11,0.93,-1,-1,-1
763,6,411.60,243.37,70.89,84.52,0.96,-1,-1,-1
763,9,258.78,264.43,27.73,40.64,0.89,-1,-1,-1
764,5,732.41,175.60,137.78,169.80,0.95,-1,-1,-1
764,7,204.32,254.85,39.74,55.43,0.94,-1,-1,-1
764,6,410.12,243.89,71.92,85.13,0.95,-1,-1,-1
764,9,267.79,269.04,27.35,39.49,0.56,-1,-1,-1
765,5,743.99,178.31,139.51,170.53,0.96,-1,-1,-1
765,7,203.17,254.74,40.08,56.12,0.94,-1,-1,-1
765,6,408.03,244.43,72.93,85.96,0.96,-1,-1,-1
765,9,270.49,270.51,27.57,39.04,0.40,-1,-1,-1
766,5,761.48,183.23,139.13,168.44,0.95,-1,-1,-1
766,7,202.33,255.43,39.66,55.49,0.94,-1,-1,-1
766,6,407.81,245.41,74.66,87.46,0.96,-1,-1,-1
767,5,779.14,188.71,137.81,165.29,0.96,-1,-1,-1
767,7,201.18,255.85,39.87,55.82,0.94,-1,-1,-1
767,6,406.96,245.81,75.95,88.61,0.96,-1,-1,-1
768,5,797.34,194.52,137.07,163.56,0.94,-1,-1,-1
768,7,199.77,256.60,40.16,56.22,0.94,-1,-1,-1
768,6,406.44,246.58,75.90,88.16,0.96,-1,-1,-1
769,5,811.81,197.40,139.25,166.28,0.95,-1,-1,-1
769,7,197.36,257.47,39.95,56.07,0.93,-1,-1,-1
769,6,406.21,247.04,75.91,87.67,0.96,-1,-1,-1
770,5,826.57,199.76,140.03,167.32,0.96,-1,-1,-1
770,7,195.41,257.50,40.73,57.48,0.92,-1,-1,-1
770,6,406.07,247.23,76.00,87.18,0.96,-1,-1,-1
771,5,840.65,202.38,140.52,167.75,0.96,-1,-1,-1
771,7,194.16,257.80,41.08,58.29,0.93,-1,-1,-1
771,6,405.65,247.17,76.02,86.70,0.96,-1,-1,-1
772,5,859.40,204.95,138.39,166.74,0.94,-1,-1,-1
772,7,193.29,258.49,41.11,58.59,0.93,-1,-1,-1
772,6,405.40,247.30,76.05,86.21,0.96,-1,-1,-1
773,5,880.32,207.34,135.60,165.49,0.94,-1,-1,-1
773,7,193.42,259.05,40.64,58.10,0.92,-1,-1,-1
773,6,405.04,247.51,75.99,85.73,0.96,-1,-1,-1
774,5,902.83,207.72,132.99,163.55,0.94,-1,-1,-1
774,7,193.91,259.10,40.41,57.89,0.92,-1,-1,-1
774,6,404.37,247.45,76.74,86.15,0.96,-1,-1,-1
775,5,924.80,206.89,129.65,159.25,0.96,-1,-1,-1
775,7,194.36,259.11,40.28,57.80,0.92,-1,-1,-1
775,6,404.24,247.88,76.62,85.71,0.96,-1,-1,-1
776,5,953.61,209.68,126.10,156.47,0.88,-1,-1,-1
776,7,194.90,259.69,39.93,57.46,0.93,-1,-1,-1
776,6,404.04,247.90,76.74,85.55,0.96,-1,-1,-1
777,5,988.29,210.65,118.00,147.35,0.84,-1,-1,-1
777,7,195.10,259.61,40.01,57.62,0.93,-1,-1,-1
777,6,404.06,248.06,76.88,85.49,0.96,-1,-1,-1
778,5,1022.81,209.31,114.56,144.87,0.85,-1,-1,-1
778,7,194.84,260.01,40.07,57.67,0.92,-1,-1,-1
778,6,404.07,247.97,77.38,85.77,0.96,-1,-1,-1
779,5,1054.96,206.28,111.53,141.70,0.86,-1,-1,-1
779,7,195.51,261.05,39.49,56.79,0.93,-1,-1,-1
779,6,404.37,248.09,77.29,85.28,0.96,-1,-1,-1
780,5,1088.91,197.50,110.82,142.78,0.89,-1,-1,-1
780,7,196.16,261.43,39.25,56.45,0.92,-1,-1,-1
780,6,404.19,247.99,77.69,85.40,0.96,-1,-1,-1
781,5,1122.16,196.27,108.38,141.44,0.92,-1,-1,-1
781,7,196.82,261.86,39.02,56.02,0.91,-1,-1,-1
781,6,403.98,247.80,78.27,86.04,0.96,-1,-1,-1
782,5,1151.51,193.88,107.93,143.74,0.92,-1,-1,-1
782,7,198.42,262.60,38.27,54.97,0.91,-1,-1,-1
782,6,404.09,247.43,78.99,86.87,0.96,-1,-1,-1
783,5,1179.24,193.92,102.33,138.07,0.82,-1,-1,-1
783,7,199.44,263.17,38.07,54.57,0.90,-1,-1,-1
783,6,404.14,247.45,79.24,87.19,0.96,-1,-1,-1
784,5,1193.38,189.27,100.07,137.82,0.91,-1,-1,-1
784,7,201.49,264.26,37.56,53.53,0.88,-1,-1,-1
784,6,404.31,247.31,79.63,87.60,0.96,-1,-1,-1
785,5,1210.66,189.43,91.57,131.15,0.89,-1,-1,-1
785,7,203.05,264.80,37.81,53.75,0.88,-1,-1,-1
785,6,404.27,247.55,80.41,88.64,0.96,-1,-1,-1
786,5,1221.63,185.42,87.93,133.35,0.81,-1,-1,-1
786,7,204.41,264.99,38.18,54.14,0.88,-1,-1,-1
786,6,403.67,247.50,81.29,89.92,0.96,-1,-1,-1
787,7,205.18,264.74,39.18,55.49,0.83,-1,-1,-1
787,6,402.84,247.63,82.37,91.57,0.96,-1,-1,-1
788,7,206.08,265.07,39.61,55.99,0.88,-1,-1,-1
788,6,402.37,247.53,83.09,92.77,0.96,-1,-1,-1
789,7,207.97,266.22,39.52,55.89,0.84,-1,-1,-1
789,6,402.44,247.94,82.99,92.92,0.96,-1,-1,-1
790,7,208.93,268.28,40.21,56.74,0.90,-1,-1,-1
790,6,402.52,248.69,82.27,92.37,0.96,-1,-1,-1
791,7,209.79,271.25,40.31,57.06,0.88,-1,-1,-1
791,6,402.52,248.82,81.89,92.14,0.96,-1,-1,-1
792,7,210.76,274.13,40.84,58.06,0.86,-1,-1,-1
792,6,402.44,248.72,82.06,92.63,0.96,-1,-1,-1
793,7,213.13,281.96,38.67,54.90,0.79,-1,-1,-1
793,6,402.19,248.68,82.72,93.69,0.96,-1,-1,-1
794,7,215.34,289.33,37.55,53.05,0.76,-1,-1,-1
794,6,402.49,249.11,82.60,93.78,0.96,-1,-1,-1
795,7,216.30,291.80,39.19,55.11,0.71,-1,-1,-1
795,6,402.67,249.12,82.44,93.80,0.96,-1,-1,-1
796,7,216.62,294.57,38.54,54.37,0.68,-1,-1,-1
796,6,402.96,249.12,82.23,93.79,0.96,-1,-1,-1
796,10,240.31,258.66,30.57,24.57,0.77,-1,-1,-1
797,7,217.16,298.06,36.80,52.00,0.69,-1,-1,-1
797,6,403.14,249.27,82.30,94.07,0.96,-1,-1,-1
797,10,239.23,258.06,32.75,26.38,0.84,-1,-1,-1
798,7,217.09,296.21,37.75,53.53,0.74,-1,-1,-1
798,6,403.44,249.47,81.71,93.57,0.96,-1,-1,-1
798,10,239.59,257.84,31.02,25.05,0.77,-1,-1,-1
799,7,215.45,290.76,41.05,58.84,0.80,-1,-1,-1
799,6,403.64,249.69,81.46,93.37,0.96,-1,-1,-1
799,10,238.55,257.62,31.40,25.51,0.86,-1,-1,-1
800,7,215.22,288.43,42.66,61.38,0.83,-1,-1,-1
800,6,403.85,249.77,81.10,92.99,0.96,-1,-1,-1
800,10,236.93,257.39,30.59,25.02,0.85,-1,-1,-1
801,7,215.34,287.15,43.12,62.09,0.91,-1,-1,-1
801,6,403.91,249.64,81.14,93.14,0.96,-1,-1,-1
801,10,235.25,257.17,31.27,25.79,0.91,-1,-1,-1
802,7,214.96,285.30,44.07,63.51,0.92,-1,-1,-1
802,6,404.08,249.59,81.15,93.19,0.96,-1,-1,-1
802,10,233.81,256.79,32.06,26.67,0.91,-1,-1,-1
803,7,214.50,284.13,44.53,64.32,0.94,-1,-1,-1
803,6,404.37,249.87,80.69,92.61,0.96,-1,-1,-1
803,10,232.28,256.36,33.20,27.89,0.91,-1,-1,-1
804,7,215.45,285.70,43.87,62.86,0.93,-1,-1,-1
804,6,404.68,249.97,81.02,92.98,0.96,-1,-1,-1
804,10,231.07,255.76,33.77,28.63,0.91,-1,-1,-1
805,7,215.65,287.19,43.31,61.67,0.94,-1,-1,-1
805,6,404.66,249.86,81.11,93.12,0.96,-1,-1,-1
805,10,228.67,255.54,34.99,30.08,0.90,-1,-1,-1
806,7,214.75,288.48,42.78,60.89,0.94,-1,-1,-1
806,6,404.98,249.96,80.92,92.87,0.96,-1,-1,-1
806,10,226.86,255.76,35.47,30.92,0.92,-1,-1,-1
807,7,215.08,290.44,42.46,60.00,0.92,-1,-1,-1
807,6,405.09,250.14,80.86,92.77,0.96,-1,-1,-1
807,10,224.34,256.00,36.23,32.09,0.92,-1,-1,-1
808,7,213.23,292.50,42.10,59.35,0.93,-1,-1,-1
808,6,405.12,250.36,80.84,92.74,0.96,-1,-1,-1
808,10,222.19,256.68,36.11,32.53,0.87,-1,-1,-1
809,7,211.42,294.88,42.38,59.70,0.92,-1,-1,-1
809,6,405.02,250.58,81.07,93.02,0.96,-1,-1,-1
809,10,219.09,257.40,36.23,33.26,0.89,-1,-1,-1
810,7,208.92,296.93,42.28,59.83,0.94,-1,-1,-1
810,6,404.98,250.67,81.15,93.12,0.96,-1,-1,-1
810,10,215.44,258.11,37.13,34.68,0.92,-1,-1,-1
811,7,206.88,299.60,42.20,59.87,0.93,-1,-1,-1
811,6,405.00,250.69,81.23,93.16,0.96,-1,-1,-1
811,10,212.25,258.53,38.59,36.65,0.90,-1,-1,-1
812,7,204.36,302.34,42.00,59.59,0.91,-1,-1,-1
812,6,404.89,250.70,81.51,93.47,0.96,-1,-1,-1
812,10,210.13,259.41,39.34,38.26,0.88,-1,-1,-1
813,7,201.17,306.31,40.92,58.29,0.86,-1,-1,-1
813,6,405.14,250.70,81.62,93.58,0.96,-1,-1,-1
813,10,207.14,260.47,40.83,40.59,0.91,-1,-1,-1
814,7,197.80,308.04,41.34,59.29,0.87,-1,-1,-1
814,6,405.31,250.54,81.64,93.62,0.96,-1,-1,-1
814,10,205.41,260.61,41.90,42.62,0.91,-1,-1,-1
815,7,195.58,309.52,41.57,59.96,0.87,-1,-1,-1
815,6,405.65,250.48,81.83,93.93,0.96,-1,-1,-1
815,10,204.33,260.51,42.58,44.25,0.91,-1,-1,-1
816,7,193.52,310.61,41.61,60.22,0.88,-1,-1,-1
816,6,406.79,250.61,82.11,94.34,0.96,-1,-1,-1
816,10,203.50,259.47,43.39,46.01,0.93,-1,-1,-1
817,7,192.56,310.36,41.36,60.01,0.91,-1,-1,-1
817,6,408.55,251.25,83.25,95.98,0.96,-1,-1,-1
817,10,203.32,260.19,41.45,44.96,0.93,-1,-1,-1
818,7,191.89,309.01,41.04,59.93,0.91,-1,-1,-1
818,6,410.31,250.75,85.73,99.24,0.96,-1,-1,-1
818,10,203.54,259.45,40.39,44.77,0.91,-1,-1,-1
819,7,191.49,307.56,40.50,59.30,0.91,-1,-1,-1
819,6,412.84,251.29,87.45,101.64,0.96,-1,-1,-1
819,10,203.65,257.56,40.24,45.53,0.92,-1,-1,-1
820,7,190.97,305.62,40.77,59.66,0.92,-1,-1,-1
820,6,416.81,251.78,88.80,103.71,0.96,-1,-1,-1
820,10,203.94,255.97,40.13,46.38,0.92,-1,-1,-1
821,7,189.03,303.68,41.49,60.39,0.95,-1,-1,-1
821,6,421.63,251.39,89.97,105.65,0.96,-1,-1,-1
821,10,203.97,254.04,40.19,47.26,0.93,-1,-1,-1
822,7,187.85,302.49,41.91,60.66,0.95,-1,-1,-1
822,6,427.50,252.40,88.88,104.91,0.95,-1,-1,-1
822,10,204.56,253.31,39.57,47.28,0.94,-1,-1,-1
823,7,186.84,301.14,42.49,61.06,0.95,-1,-1,-1
823,6,434.49,253.08,87.71,103.69,0.96,-1,-1,-1
823,10,204.98,252.74,39.02,47.26,0.95,-1,-1,-1
824,7,185.93,300.47,42.66,60.91,0.95,-1,-1,-1
824,6,440.45,252.60,87.04,103.49,0.95,-1,-1,-1
824,10,205.79,251.37,38.91,47.51,0.95,-1,-1,-1
825,7,185.40,300.22,42.97,60.84,0.95,-1,-1,-1
825,6,448.05,251.37,85.80,101.91,0.95,-1,-1,-1
825,10,206.39,250.56,38.50,47.29,0.94,-1,-1,-1
826,7,184.54,299.98,43.84,61.71,0.95,-1,-1,-1
826,6,452.71,249.11,86.46,103.08,0.95,-1,-1,-1
826,10,206.80,249.98,38.17,47.17,0.94,-1,-1,-1
827,7,183.40,300.04,44.68,62.62,0.96,-1,-1,-1
827,6,458.80,247.82,86.09,102.91,0.95,-1,-1,-1
827,10,207.07,249.48,38.08,47.40,0.94,-1,-1,-1
828,7,182.74,300.81,45.07,62.96,0.96,-1,-1,-1
828,6,464.51,246.75,86.59,104.02,0.95,-1,-1,-1
828,10,207.82,249.32,38.18,47.77,0.93,-1,-1,-1
829,7,181.96,302.29,45.32,63.08,0.95,-1,-1,-1
829,6,470.31,246.65,86.32,104.12,0.94,-1,-1,-1
829,10,208.82,248.98,37.92,47.59,0.93,-1,-1,-1
830,7,180.68,303.59,45.81,63.71,0.94,-1,-1,-1
830,6,476.19,246.33,86.86,105.33,0.94,-1,-1,-1
830,10,209.40,248.87,37.37,47.21,0.93,-1,-1,-1
831,7,180.57,304.23,46.64,64.82,0.94,-1,-1,-1
831,6,481.33,245.64,86.26,105.48,0.94,-1,-1,-1
831,10,210.96,248.85,37.62,47.64,0.92,-1,-1,-1
832,7,180.00,303.72,47.49,66.11,0.94,-1,-1,-1
832,6,486.03,244.35,85.54,105.52,0.95,-1,-1,-1
832,10,212.36,248.85,38.01,48.09,0.93,-1,-1,-1
833,7,179.45,302.50,47.80,66.60,0.94,-1,-1,-1
833,6,492.98,244.18,84.07,104.63,0.95,-1,-1,-1
833,10,213.08,249.31,37.93,48.25,0.93,-1,-1,-1
834,7,178.90,300.84,47.33,65.88,0.94,-1,-1,-1
834,6,499.02,244.43,83.49,104.57,0.94,-1,-1,-1
834,10,214.61,249.50,38.17,48.59,0.93,-1,-1,-1
835,7,178.63,299.01,47.31,65.88,0.95,-1,-1,-1
835,6,505.05,244.69,82.55,103.65,0.94,-1,-1,-1
835,10,214.99,249.73,38.48,49.30,0.94,-1,-1,-1
836,7,178.21,297.44,47.25,65.87,0.95,-1,-1,-1
836,6,514.08,245.10,82.02,103.59,0.94,-1,-1,-1
836,10,215.51,249.54,38.63,49.85,0.94,-1,-1,-1
837,7,178.04,296.71,47.00,65.56,0.95,-1,-1,-1
837,6,522.43,245.12,82.86,105.35,0.94,-1,-1,-1
837,10,216.49,249.32,38.57,50.05,0.94,-1,-1,-1
838,7,177.98,295.86,47.09,65.73,0.95,-1,-1,-1
838,6,531.19,245.57,83.40,106.89,0.92,-1,-1,-1
838,10,216.98,248.65,38.57,50.41,0.94,-1,-1,-1
839,7,178.06,295.40,46.97,65.49,0.95,-1,-1,-1
839,6,544.09,247.97,81.17,104.52,0.93,-1,-1,-1
839,10,217.42,247.52,38.99,51.41,0.93,-1,-1,-1
840,7,178.66,295.10,46.86,65.09,0.95,-1,-1,-1
840,6,555.65,249.94,79.67,103.58,0.93,-1,-1,-1
840,10,217.96,246.66,38.95,51.78,0.94,-1,-1,-1
841,7,179.17,294.86,47.18,65.23,0.96,-1,-1,-1
841,6,565.86,251.72,79.98,105.02,0.92,-1,-1,-1
841,10,217.95,246.19,38.68,51.91,0.94,-1,-1,-1
842,7,179.40,294.34,47.40,65.28,0.95,-1,-1,-1
842,6,577.51,254.14,79.94,105.85,0.92,-1,-1,-1
842,10,217.84,246.03,38.51,52.24,0.94,-1,-1,-1
843,7,179.67,294.01,47.59,65.29,0.95,-1,-1,-1
843,6,588.38,254.75,78.90,105.27,0.92,-1,-1,-1
843,10,218.16,246.13,38.23,52.35,0.93,-1,-1,-1
844,7,180.17,293.90,47.75,65.30,0.95,-1,-1,-1
844,6,597.35,254.51,79.50,106.83,0.93,-1,-1,-1
844,10,218.16,246.47,38.09,52.67,0.92,-1,-1,-1
845,7,180.55,294.47,47.76,65.00,0.95,-1,-1,-1
845,6,605.30,253.21,80.07,108.29,0.94,-1,-1,-1
845,10,217.81,246.62,38.07,53.07,0.93,-1,-1,-1
846,7,180.58,295.15,48.41,65.77,0.95,-1,-1,-1
846,6,613.54,250.78,80.47,109.43,0.95,-1,-1,-1
846,10,217.44,246.68,38.20,53.81,0.92,-1,-1,-1
847,7,180.68,296.89,48.64,66.06,0.95,-1,-1,-1
847,6,620.38,248.81,80.28,109.84,0.94,-1,-1,-1
847,10,216.94,246.86,38.08,54.07,0.93,-1,-1,-1
848,7,180.85,299.05,49.21,66.76,0.95,-1,-1,-1
848,6,627.76,247.46,78.91,107.92,0.94,-1,-1,-1
848,10,216.72,247.23,37.70,53.86,0.92,-1,-1,-1
849,7,180.60,301.19,50.49,68.50,0.96,-1,-1,-1
849,6,632.21,244.42,79.76,108.95,0.95,-1,-1,-1
849,10,216.45,247.52,37.40,53.77,0.93,-1,-1,-1
850,7,180.63,303.75,51.37,69.73,0.95,-1,-1,-1
850,6,637.51,242.41,79.41,108.73,0.95,-1,-1,-1
850,10,216.11,247.34,37.39,54.02,0.94,-1,-1,-1
851,7,180.95,305.75,52.47,71.37,0.95,-1,-1,-1
851,6,642.83,240.78,79.78,108.93,0.96,-1,-1,-1
851,10,215.77,247.13,37.51,54.40,0.94,-1,-1,-1
852,7,182.26,307.80,53.07,72.27,0.94,-1,-1,-1
852,6,647.99,239.74,79.01,107.22,0.96,-1,-1,-1
852,10,215.61,247.05,37.48,54.53,0.93,-1,-1,-1
853,7,183.68,309.45,53.72,73.48,0.95,-1,-1,-1
853,6,653.17,238.34,79.41,107.16,0.96,-1,-1,-1
853,10,214.69,246.73,37.56,54.87,0.93,-1,-1,-1
854,7,187.13,309.61,54.27,74.22,0.94,-1,-1,-1
854,6,658.46,236.21,81.91,109.51,0.96,-1,-1,-1
854,10,213.76,247.20,37.28,54.69,0.93,-1,-1,-1
855,7,190.38,308.90,54.36,74.47,0.94,-1,-1,-1
855,6,666.03,236.76,81.87,108.62,0.95,-1,-1,-1
855,10,212.66,247.68,37.63,55.50,0.93,-1,-1,-1
856,7,193.58,308.74,52.85,72.49,0.94,-1,-1,-1
856,6,671.56,237.47,83.74,111.24,0.95,-1,-1,-1
856,10,211.71,249.63,36.57,54.03,0.92,-1,-1,-1
857,7,195.42,306.70,52.96,72.59,0.95,-1,-1,-1
857,6,677.61,238.49,85.51,113.98,0.95,-1,-1,-1
857,10,210.30,250.83,35.67,52.55,0.92,-1,-1,-1
858,7,197.63,305.33,52.83,72.32,0.95,-1,-1,-1
858,6,684.94,240.52,86.85,115.89,0.95,-1,-1,-1
858,10,209.01,251.57,34.93,51.09,0.93,-1,-1,-1
859,7,200.17,303.47,52.92,72.20,0.94,-1,-1,-1
859,6,693.09,241.02,88.52,118.65,0.94,-1,-1,-1
859,10,208.05,252.59,31.68,45.72,0.87,-1,-1,-1
860,7,203.06,301.57,52.99,72.45,0.94,-1,-1,-1
860,6,703.90,241.66,91.44,122.02,0.95,-1,-1,-1
860,10,206.82,255.29,30.17,42.77,0.88,-1,-1,-1
861,7,205.37,299.66,53.29,72.83,0.95,-1,-1,-1
861,6,711.55,242.64,93.87,125.03,0.95,-1,-1,-1
861,10,204.25,255.89,30.74,43.05,0.91,-1,-1,-1
862,7,207.34,298.21,53.45,72.96,0.95,-1,-1,-1
862,6,720.24,243.46,96.79,128.49,0.94,-1,-1,-1
862,10,203.54,256.69,30.57,42.25,0.88,-1,-1,-1
863,7,209.56,297.53,53.40,72.71,0.95,-1,-1,-1
863,6,727.48,243.20,97.81,129.78,0.94,-1,-1,-1
863,10,202.82,256.64,31.09,42.30,0.87,-1,-1,-1
864,7,212.14,297.14,53.85,72.90,0.95,-1,-1,-1
864,6,735.40,242.07,99.65,131.97,0.95,-1,-1,-1
864,10,202.83,256.29,31.41,42.05,0.88,-1,-1,-1
865,7,214.31,295.53,55.13,74.15,0.95,-1,-1,-1
865,6,743.19,238.28,99.70,132.18,0.93,-1,-1,-1
865,10,200.56,256.29,34.81,46.54,0.92,-1,-1,-1
866,7,218.64,295.39,54.65,73.14,0.94,-1,-1,-1
866,6,748.74,232.78,98.70,132.12,0.93,-1,-1,-1
866,10,199.89,256.58,36.55,48.72,0.90,-1,-1,-1
867,7,222.98,294.77,54.60,72.74,0.95,-1,-1,-1
867,6,759.13,228.41,95.91,128.29,0.94,-1,-1,-1
867,10,199.16,256.53,37.88,50.46,0.89,-1,-1,-1
868,7,227.98,294.85,54.51,72.28,0.95,-1,-1,-1
868,6,769.09,224.01,95.30,126.68,0.94,-1,-1,-1
868,10,198.57,256.64,37.90,50.55,0.91,-1,-1,-1
869,7,233.05,295.50,54.76,72.41,0.95,-1,-1,-1
869,6,780.47,216.54,95.87,126.72,0.95,-1,-1,-1
869,10,197.28,255.94,40.96,54.97,0.92,-1,-1,-1
870,7,238.66,296.36,54.97,72.45,0.94,-1,-1,-1
870,6,793.00,210.53,96.21,125.83,0.96,-1,-1,-1
870,10,196.66,255.53,42.32,57.19,0.92,-1,-1,-1
871,7,246.40,298.18,55.45,73.06,0.95,-1,-1,-1
871,6,805.11,206.11,93.44,121.00,0.96,-1,-1,-1
871,10,196.41,255.35,42.49,57.77,0.92,-1,-1,-1
872,7,256.41,300.66,56.62,73.88,0.93,-1,-1,-1
872,6,816.97,199.58,95.08,122.17,0.95,-1,-1,-1
872,10,196.45,255.71,41.80,57.09,0.91,-1,-1,-1
873,7,267.50,303.66,57.56,74.19,0.92,-1,-1,-1
873,6,830.65,194.30,95.24,121.41,0.96,-1,-1,-1
873,10,197.35,255.41,42.01,57.38,0.92,-1,-1,-1
874,7,275.73,304.80,58.73,75.48,0.94,-1,-1,-1
874,6,845.49,190.80,92.78,116.94,0.96,-1,-1,-1
874,10,197.52,255.87,41.65,56.88,0.92,-1,-1,-1
875,7,283.16,305.35,60.19,77.44,0.93,-1,-1,-1
875,6,862.80,189.35,94.40,118.29,0.95,-1,-1,-1
875,10,197.72,256.19,41.44,56.66,0.92,-1,-1,-1
876,7,289.38,305.11,61.52,79.63,0.94,-1,-1,-1
876,6,879.60,188.02,96.67,121.18,0.96,-1,-1,-1
876,10,198.03,256.16,42.01,57.44,0.94,-1,-1,-1
877,7,295.40,305.58,61.67,80.46,0.94,-1,-1,-1
877,6,901.48,187.55,96.68,120.87,0.95,-1,-1,-1
877,10,199.37,255.41,41.56,56.55,0.93,-1,-1,-1
878,7,300.86,303.98,62.04,81.64,0.94,-1,-1,-1
878,6,923.39,188.85,91.15,113.45,0.93,-1,-1,-1
878,10,201.26,255.56,40.73,54.70,0.93,-1,-1,-1
879,7,305.66,301.74,62.20,82.36,0.95,-1,-1,-1
879,6,940.74,188.83,93.92,117.41,0.94,-1,-1,-1
879,10,202.70,255.76,39.58,52.48,0.94,-1,-1,-1
880,7,310.37,299.84,61.38,81.73,0.95,-1,-1,-1
880,6,956.21,189.58,97.23,123.26,0.94,-1,-1,-1
880,10,203.60,256.59,39.02,51.04,0.94,-1,-1,-1
881,7,314.48,297.34,61.88,82.64,0.94,-1,-1,-1
881,6,971.30,188.32,100.24,128.69,0.96,-1,-1,-1
881,10,203.42,257.80,39.81,51.43,0.95,-1,-1,-1
882,7,317.73,295.07,60.98,81.49,0.95,-1,-1,-1
882,6,985.51,187.59,102.28,133.40,0.95,-1,-1,-1
882,10,201.66,258.83,41.54,53.37,0.94,-1,-1,-1
883,7,320.47,292.29,60.72,81.02,0.95,-1,-1,-1
883,6,1000.03,186.64,101.50,135.48,0.95,-1,-1,-1
883,10,198.71,259.06,44.46,57.34,0.93,-1,-1,-1
884,7,322.77,289.04,60.65,80.83,0.95,-1,-1,-1
884,6,1012.32,185.02,100.78,136.54,0.95,-1,-1,-1
884,10,197.27,260.29,46.35,60.58,0.92,-1,-1,-1
885,7,324.70,285.76,60.81,81.04,0.96,-1,-1,-1
885,6,1027.31,184.15,97.67,134.56,0.93,-1,-1,-1
885,10,195.62,261.05,47.27,62.70,0.91,-1,-1,-1
886,7,327.04,284.27,59.67,79.33,0.95,-1,-1,-1
886,6,1037.73,178.56,95.39,132.84,0.95,-1,-1,-1
886,10,194.68,262.49,46.69,62.64,0.93,-1,-1,-1
887,7,330.09,283.31,59.31,78.67,0.96,-1,-1,-1
887,6,1049.93,172.57,92.35,129.26,0.95,-1,-1,-1
887,10,193.97,264.65,45.33,61.41,0.93,-1,-1,-1
888,7,332.62,281.96,59.37,78.42,0.96,-1,-1,-1
888,6,1057.91,166.12,94.03,133.19,0.94,-1,-1,-1
888,10,192.51,265.60,45.43,62.08,0.89,-1,-1,-1
889,7,335.34,281.80,59.14,77.73,0.96,-1,-1,-1
889,6,1069.57,161.89,89.58,127.27,0.95,-1,-1,-1
889,10,190.98,266.38,45.55,62.90,0.91,-1,-1,-1
890,7,337.36,282.24,60.62,79.57,0.96,-1,-1,-1
890,6,1077.14,151.81,88.66,125.97,0.96,-1,-1,-1
890,10,189.47,267.53,46.09,64.37,0.85,-1,-1,-1
891,7,340.42,284.06,60.48,79.07,0.96,-1,-1,-1
891,6,1085.08,143.12,87.95,124.59,0.95,-1,-1,-1
891,10,188.95,269.99,45.33,64.03,0.89,-1,-1,-1
892,7,341.96,286.14,61.76,80.66,0.96,-1,-1,-1
892,6,1090.73,131.78,90.97,128.43,0.94,-1,-1,-1
892,10,188.62,272.24,44.40,63.28,0.90,-1,-1,-1
893,7,343.76,289.74,63.72,83.32,0.96,-1,-1,-1
893,6,1097.89,124.17,91.98,129.12,0.96,-1,-1,-1
893,10,187.57,272.77,44.39,63.86,0.90,-1,-1,-1
894,7,346.11,293.75,66.19,86.66,0.94,-1,-1,-1
894,6,1108.43,116.87,92.44,128.19,0.96,-1,-1,-1
894,10,186.74,273.96,44.14,64.06,0.91,-1,-1,-1
895,7,348.39,296.89,67.66,88.80,0.94,-1,-1,-1
895,6,1117.80,112.49,95.30,130.99,0.95,-1,-1,-1
895,10,185.90,274.82,44.10,64.41,0.91,-1,-1,-1
896,7,350.07,299.26,70.50,92.81,0.95,-1,-1,-1
896,6,1129.29,107.00,98.63,133.83,0.96,-1,-1,-1
896,10,183.73,275.26,44.88,66.30,0.85,-1,-1,-1
897,7,352.31,299.29,73.72,97.79,0.94,-1,-1,-1
897,6,1138.08,104.07,103.28,140.04,0.95,-1,-1,-1
897,10,182.75,277.44,44.38,66.12,0.88,-1,-1,-1
898,7,356.01,301.42,73.14,96.84,0.94,-1,-1,-1
898,6,1148.80,103.49,106.00,143.59,0.96,-1,-1,-1
898,10,180.50,278.99,44.61,67.21,0.88,-1,-1,-1
899,7,361.44,301.22,73.16,96.96,0.93,-1,-1,-1
899,6,1161.92,103.02,110.49,148.71,0.97,-1,-1,-1
899,10,179.51,280.71,44.73,68.19,0.83,-1,-1,-1
900,7,368.31,299.64,72.73,95.79,0.93,-1,-1,-1
900,6,1171.64,103.93,111.53,151.15,0.97,-1,-1,-1
900,10,185.43,307.43,29.47,44.50,0.66,-1,-1,-1
901,7,375.55,296.79,71.94,94.40,0.93,-1,-1,-1
901,6,1178.94,102.26,112.21,155.09,0.98,-1,-1,-1
901,10,189.39,320.10,23.80,35.39,0.74,-1,-1,-1
902,7,381.62,292.42,72.12,94.43,0.88,-1,-1,-1
902,6,1186.72,99.05,109.97,156.19,0.97,-1,-1,-1
902,10,190.00,323.57,23.59,34.51,0.72,-1,-1,-1
903,7,388.17,288.70,73.86,96.19,0.93,-1,-1,-1
903,6,1194.48,96.77,105.80,155.22,0.96,-1,-1,-1
903,10,190.03,325.01,24.11,34.92,0.71,-1,-1,-1
903,11,179.71,312.48,39.78,48.51,0.60,-1,-1,-1
904,7,394.38,282.75,76.34,99.48,0.94,-1,-1,-1
904,6,1203.27,91.41,98.81,150.88,0.95,-1,-1,-1
904,10,190.54,325.95,24.59,35.46,0.26,-1,-1,-1
904,11,173.27,296.21,52.63,64.54,0.77,-1,-1,-1
905,7,403.55,278.46,75.36,97.21,0.95,-1,-1,-1
905,6,1211.10,84.15,93.45,149.87,0.93,-1,-1,-1
905,10,191.31,325.96,24.70,35.41,0.19,-1,-1,-1
905,11,173.30,293.98,53.42,65.96,0.77,-1,-1,-1
906,7,414.51,274.75,75.47,95.67,0.93,-1,-1,-1
906,6,1222.84,75.66,77.91,130.88,0.86,-1,-1,-1
906,11,174.34,293.68,53.14,66.20,0.77,-1,-1,-1
907,7,424.38,272.82,73.45,92.08,0.94,-1,-1,-1
907,6,1238.95,65.32,54.71,95.56,0.82,-1,-1,-1
907,11,176.47,294.55,50.77,63.79,0.87,-1,-1,-1
908,7,433.34,267.50,74.32,92.81,0.94,-1,-1,-1
908,6,1250.92,60.00,41.47,76.57,0.80,-1,-1,-1
908,11,177.24,294.86,50.54,64.16,0.86,-1,-1,-1
909,7,443.58,264.26,74.05,91.59,0.94,-1,-1,-1
909,11,177.53,292.97,54.17,69.64,0.79,-1,-1,-1
910,7,452.93,261.48,74.86,92.02,0.95,-1,-1,-1
910,11,178.68,294.64,54.15,70.46,0.84,-1,-1,-1
911,7,463.17,258.59,77.38,94.56,0.95,-1,-1,-1
911,11,179.44,294.73,54.50,71.80,0.88,-1,-1,-1
912,7,473.72,256.99,79.19,96.40,0.95,-1,-1,-1
912,11,180.73,296.16,53.61,71.34,0.88,-1,-1,-1
913,7,484.22,256.17,81.11,98.85,0.95,-1,-1,-1
913,11,182.42,298.58,51.41,68.98,0.90,-1,-1,-1
914,7,495.18,255.93,82.63,101.24,0.95,-1,-1,-1
914,11,184.09,299.29,50.60,68.55,0.92,-1,-1,-1
915,7,505.02,256.35,85.42,106.23,0.93,-1,-1,-1
915,11,185.32,300.63,50.00,68.33,0.94,-1,-1,-1
916,7,517.75,256.41,84.29,106.38,0.91,-1,-1,-1
916,11,187.55,301.61,50.19,68.79,0.94,-1,-1,-1
917,7,531.04,258.57,82.31,104.62,0.92,-1,-1,-1
917,11,189.09,303.49,49.93,68.92,0.94,-1,-1,-1
918,7,543.45,259.91,80.38,103.30,0.91,-1,-1,-1
918,11,192.81,305.25,49.69,68.63,0.92,-1,-1,-1
919,7,553.85,258.24,79.96,103.96,0.93,-1,-1,-1
919,11,194.82,307.27,49.61,68.77,0.91,-1,-1,-1
920,7,565.19,257.49,78.48,102.71,0.92,-1,-1,-1
920,11,195.31,308.91,49.70,69.39,0.92,-1,-1,-1
921,7,573.13,254.87,79.37,104.58,0.94,-1,-1,-1
921,11,195.99,309.67,49.19,69.30,0.92,-1,-1,-1
922,7,581.11,252.15,77.95,102.91,0.94,-1,-1,-1
922,11,196.15,309.50,48.70,69.23,0.92,-1,-1,-1
923,7,588.10,248.77,77.58,102.53,0.96,-1,-1,-1
923,11,196.52,308.68,48.32,69.18,0.94,-1,-1,-1
924,7,595.45,245.77,76.83,101.78,0.95,-1,-1,-1
924,11,197.47,308.05,47.00,67.66,0.94,-1,-1,-1
925,7,602.29,243.81,76.62,101.49,0.96,-1,-1,-1
925,11,197.50,306.60,47.00,68.25,0.95,-1,-1,-1
926,7,609.07,241.94,76.98,101.67,0.95,-1,-1,-1
926,11,198.43,305.61,46.43,67.57,0.95,-1,-1,-1
927,7,614.90,239.97,77.05,101.44,0.96,-1,-1,-1
927,11,198.52,305.09,46.30,67.60,0.95,-1,-1,-1
928,7,621.33,237.80,76.88,100.45,0.95,-1,-1,-1
928,11,198.51,304.75,46.22,67.60,0.95,-1,-1,-1
929,7,627.29,235.86,76.83,99.78,0.96,-1,-1,-1
929,11,197.99,304.03,46.26,67.59,0.96,-1,-1,-1
930,7,632.43,233.86,76.97,99.53,0.96,-1,-1,-1
930,11,197.25,303.62,46.51,67.88,0.96,-1,-1,-1
931,7,638.18,232.14,78.93,101.52,0.96,-1,-1,-1
931,11,196.09,304.21,46.84,68.28,0.96,-1,-1,-1
932,7,645.36,231.25,79.78,101.98,0.96,-1,-1,-1
932,11,194.05,304.59,47.55,69.31,0.96,-1,-1,-1
933,7,654.61,232.92,81.32,103.33,0.96,-1,-1,-1
933,11,192.02,306.07,47.90,69.70,0.96,-1,-1,-1
934,7,663.77,235.67,83.63,105.90,0.96,-1,-1,-1
934,11,190.08,307.53,48.14,69.83,0.95,-1,-1,-1
935,7,673.93,237.49,85.92,108.63,0.96,-1,-1,-1
935,11,187.83,309.26,48.61,70.47,0.95,-1,-1,-1
936,7,682.77,238.80,88.64,112.29,0.96,-1,-1,-1
936,11,185.69,310.65,49.10,71.29,0.94,-1,-1,-1
937,7,694.22,239.76,88.79,112.51,0.96,-1,-1,-1
937,11,183.90,311.16,50.40,73.35,0.93,-1,-1,-1
938,7,704.27,240.30,89.28,113.14,0.96,-1,-1,-1
938,11,182.87,310.76,51.56,75.30,0.93,-1,-1,-1
939,7,713.84,236.70,91.51,116.28,0.95,-1,-1,-1
939,11,182.18,309.42,52.93,77.78,0.91,-1,-1,-1
940,7,722.31,233.74,93.27,118.90,0.96,-1,-1,-1
940,11,182.62,309.61,52.67,77.55,0.92,-1,-1,-1
941,7,732.95,231.59,91.99,117.26,0.96,-1,-1,-1
941,11,183.76,308.51,52.75,77.72,0.92,-1,-1,-1
942,7,741.46,227.10,92.56,118.32,0.97,-1,-1,-1
942,11,184.85,305.43,54.60,80.40,0.92,-1,-1,-1
943,7,751.63,224.18,91.23,117.15,0.96,-1,-1,-1
943,11,186.77,305.28,54.33,80.24,0.91,-1,-1,-1
944,7,759.85,220.82,90.78,116.73,0.96,-1,-1,-1
944,11,188.42,304.35,54.94,81.31,0.92,-1,-1,-1
945,7,767.87,215.75,91.96,118.32,0.96,-1,-1,-1
945,11,190.06,302.98,56.08,82.86,0.92,-1,-1,-1
946,7,776.69,210.65,92.03,118.02,0.96,-1,-1,-1
946,11,191.83,302.90,56.69,83.43,0.92,-1,-1,-1
947,7,785.56,207.38,90.99,116.31,0.96,-1,-1,-1
947,11,193.81,303.47,55.04,80.68,0.90,-1,-1,-1
948,7,794.82,204.07,90.57,115.42,0.96,-1,-1,-1
948,11,196.85,302.37,50.24,72.41,0.91,-1,-1,-1
949,7,804.95,199.64,91.32,115.96,0.96,-1,-1,-1
949,11,199.53,301.50,47.91,67.97,0.90,-1,-1,-1
950,7,814.88,196.29,91.19,115.56,0.97,-1,-1,-1
950,11,204.28,300.75,43.91,60.25,0.90,-1,-1,-1
951,7,825.53,192.90,90.92,114.80,0.97,-1,-1,-1
951,11,208.92,301.47,41.46,55.29,0.89,-1,-1,-1
952,7,838.50,191.21,90.96,114.28,0.96,-1,-1,-1
952,11,212.21,301.57,42.58,55.32,0.91,-1,-1,-1
953,7,852.11,190.91,90.06,112.52,0.97,-1,-1,-1
953,11,217.99,302.54,43.31,55.07,0.88,-1,-1,-1
954,7,867.11,190.31,90.43,112.45,0.96,-1,-1,-1
954,11,225.04,304.44,43.08,53.82,0.88,-1,-1,-1
955,7,879.05,190.17,95.62,119.30,0.95,-1,-1,-1
955,11,227.85,305.74,51.11,63.66,0.83,-1,-1,-1
956,7,895.25,190.09,94.27,117.24,0.96,-1,-1,-1
956,11,234.93,306.20,49.53,60.99,0.81,-1,-1,-1
957,7,908.99,189.80,95.97,119.28,0.96,-1,-1,-1
957,11,237.41,307.25,60.65,76.07,0.81,-1,-1,-1
958,7,922.61,189.44,95.48,118.86,0.95,-1,-1,-1
958,11,240.66,306.95,64.19,82.10,0.92,-1,-1,-1
959,7,936.72,189.67,95.46,119.56,0.96,-1,-1,-1
959,11,246.23,308.19,63.91,82.96,0.94,-1,-1,-1
960,7,949.69,188.04,94.72,119.22,0.96,-1,-1,-1
960,11,251.06,308.98,63.75,84.36,0.94,-1,-1,-1
961,7,960.86,185.54,94.04,119.37,0.95,-1,-1,-1
961,11,256.64,310.13,63.21,85.15,0.94,-1,-1,-1
962,7,971.45,181.09,94.36,120.89,0.95,-1,-1,-1
962,11,262.38,311.43,63.10,86.26,0.93,-1,-1,-1
963,7,982.29,176.21,94.17,121.46,0.96,-1,-1,-1
963,11,267.66,312.79,62.44,86.64,0.93,-1,-1,-1
964,7,990.61,169.77,94.26,122.17,0.96,-1,-1,-1
964,11,272.75,313.00,62.78,88.19,0.93,-1,-1,-1
965,7,998.84,162.15,95.10,124.27,0.96,-1,-1,-1
965,11,278.29,312.63,60.69,85.54,0.93,-1,-1,-1
966,7,1008.75,158.47,91.69,119.75,0.96,-1,-1,-1
966,11,281.26,309.64,59.26,83.83,0.94,-1,-1,-1
967,7,1017.61,152.56,91.09,118.56,0.96,-1,-1,-1
967,11,284.03,306.42,58.36,82.55,0.93,-1,-1,-1
968,7,1025.99,146.53,90.70,117.60,0.96,-1,-1,-1
968,11,287.96,303.56,55.76,78.47,0.95,-1,-1,-1
969,7,1035.56,143.36,90.02,115.89,0.96,-1,-1,-1
969,11,290.54,300.81,55.48,77.79,0.95,-1,-1,-1
970,7,1045.43,140.16,90.75,116.23,0.96,-1,-1,-1
970,11,293.56,299.23,54.57,75.74,0.96,-1,-1,-1
971,7,1055.46,136.93,93.09,118.83,0.96,-1,-1,-1
971,11,295.61,297.01,55.66,76.78,0.95,-1,-1,-1
972,7,1065.57,135.09,95.99,122.32,0.96,-1,-1,-1
972,11,297.86,295.48,55.52,75.98,0.96,-1,-1,-1
973,7,1075.25,134.88,98.84,126.35,0.97,-1,-1,-1
973,11,301.28,294.94,55.72,75.37,0.96,-1,-1,-1
974,7,1086.77,135.20,101.15,129.49,0.96,-1,-1,-1
974,11,304.18,295.68,56.16,75.46,0.96,-1,-1,-1
975,7,1097.26,135.80,104.42,134.10,0.97,-1,-1,-1
975,11,306.38,294.80,57.73,76.99,0.95,-1,-1,-1
976,7,1107.67,138.50,103.89,133.74,0.97,-1,-1,-1
976,11,310.55,295.09,58.79,77.86,0.95,-1,-1,-1
977,7,1116.48,138.35,107.35,139.55,0.97,-1,-1,-1
977,11,314.46,294.78,60.51,79.97,0.95,-1,-1,-1
978,7,1125.22,138.33,108.96,142.59,0.97,-1,-1,-1
978,11,318.92,294.10,62.63,82.52,0.95,-1,-1,-1
979,7,1134.09,137.52,110.67,146.04,0.97,-1,-1,-1
979,11,323.51,292.84,64.74,85.24,0.95,-1,-1,-1
980,7,1143.47,134.42,111.51,148.41,0.97,-1,-1,-1
980,11,328.20,291.21,64.99,85.69,0.95,-1,-1,-1
981,7,1153.16,128.69,112.98,151.36,0.97,-1,-1,-1
981,11,334.23,288.25,65.73,85.83,0.95,-1,-1,-1
982,7,1164.89,123.76,113.17,152.01,0.97,-1,-1,-1
982,11,339.14,286.71,65.82,85.27,0.95,-1,-1,-1
983,7,1175.15,118.05,111.57,151.52,0.97,-1,-1,-1
983,11,341.63,282.91,67.84,87.98,0.95,-1,-1,-1
984,7,1185.44,111.05,106.86,148.35,0.97,-1,-1,-1
984,11,346.28,279.90,69.69,90.15,0.94,-1,-1,-1
985,7,1197.80,101.80,100.39,144.68,0.76,-1,-1,-1
985,11,350.52,278.79,69.91,90.09,0.94,-1,-1,-1
986,7,1215.51,97.21,81.75,122.38,0.91,-1,-1,-1
986,11,354.89,277.24,69.76,89.44,0.96,-1,-1,-1
987,7,1233.04,88.06,62.74,98.51,0.71,-1,-1,-1
987,11,359.67,275.38,69.94,89.16,0.96,-1,-1,-1
988,11,363.37,273.24,70.64,89.62,0.95,-1,-1,-1
989,11,367.96,272.79,70.41,89.18,0.96,-1,-1,-1
990,11,373.42,272.82,70.25,88.69,0.95,-1,-1,-1
991,11,379.25,272.00,71.55,90.27,0.96,-1,-1,-1
992,11,385.67,271.73,73.75,93.21,0.95,-1,-1,-1
993,11,393.21,272.54,76.67,96.94,0.96,-1,-1,-1
994,11,401.70,274.34,77.64,98.36,0.95,-1,-1,-1
995,11,410.28,277.13,78.03,99.16,0.95,-1,-1,-1
996,11,417.85,278.96,78.02,99.43,0.95,-1,-1,-1
997,11,424.41,278.80,78.64,100.67,0.95,-1,-1,-1
998,11,429.96,278.30,79.25,101.70,0.95,-1,-1,-1
999,11,433.30,274.59,81.89,105.86,0.95,-1,-1,-1
1000,11,437.86,272.75,80.81,104.82,0.95,-1,-1,-1
1001,11,442.00,272.05,78.48,101.98,0.96,-1,-1,-1
1002,11,444.51,268.69,78.77,102.93,0.95,-1,-1,-1
1003,11,447.39,266.13,78.97,103.56,0.96,-1,-1,-1
1004,11,449.85,264.30,78.73,103.77,0.96,-1,-1,-1
1005,11,453.32,263.80,78.09,103.23,0.96,-1,-1,-1
1006,11,456.82,263.50,78.13,103.59,0.96,-1,-1,-1
1007,11,459.68,263.73,79.05,105.49,0.96,-1,-1,-1
1008,11,464.07,265.31,79.55,106.48,0.97,-1,-1,-1
1009,11,469.22,266.84,80.15,107.42,0.97,-1,-1,-1
1010,11,473.47,268.48,80.78,108.64,0.97,-1,-1,-1
1011,11,479.36,270.73,81.58,109.96,0.97,-1,-1,-1
1012,11,485.07,272.92,82.88,111.91,0.97,-1,-1,-1
1013,11,491.85,275.81,83.25,112.04,0.97,-1,-1,-1
1014,11,497.67,277.06,84.25,113.23,0.97,-1,-1,-1
1015,11,503.13,276.78,84.84,113.65,0.97,-1,-1,-1
1016,11,506.64,275.76,85.38,114.08,0.96,-1,-1,-1
1017,11,509.05,273.29,86.60,115.39,0.96,-1,-1,-1
1018,11,510.43,271.46,87.55,116.44,0.97,-1,-1,-1
1019,11,511.20,270.17,88.26,117.41,0.97,-1,-1,-1
1020,11,511.98,269.53,88.40,117.45,0.97,-1,-1,-1
1021,11,512.25,269.00,88.78,118.02,0.97,-1,-1,-1
1022,11,512.14,268.96,89.07,118.50,0.97,-1,-1,-1
1023,11,511.71,268.95,89.11,118.66,0.97,-1,-1,-1
1024,11,511.36,268.82,89.26,118.99,0.97,-1,-1,-1
1025,11,511.12,268.77,89.33,119.09,0.97,-1,-1,-1
1026,11,510.65,268.76,89.34,119.10,0.97,-1,-1,-1
1027,11,509.96,268.33,89.60,119.38,0.97,-1,-1,-1
1028,11,509.77,268.17,89.44,119.17,0.96,-1,-1,-1
1029,11,510.09,267.37,89.65,119.66,0.97,-1,-1,-1
1030,11,511.35,267.23,88.54,118.65,0.97,-1,-1,-1
1031,11,513.57,267.34,88.68,119.44,0.96,-1,-1,-1
1032,11,518.01,267.98,87.37,118.24,0.96,-1,-1,-1
1033,11,523.03,267.63,86.64,117.77,0.96,-1,-1,-1
1034,11,528.61,267.21,87.79,119.08,0.95,-1,-1,-1
1035,11,543.81,266.17,89.72,118.38,0.96,-1,-1,-1
1036,11,547.03,265.19,88.82,117.21,0.95,-1,-1,-1
1037,11,553.99,264.08,88.62,116.47,0.95,-1,-1,-1
1038,11,563.10,261.74,87.79,115.00,0.95,-1,-1,-1
1039,11,574.96,258.63,88.24,114.45,0.96,-1,-1,-1
1040,11,586.02,255.71,87.32,112.16,0.95,-1,-1,-1
1041,11,598.76,251.94,86.76,110.71,0.95,-1,-1,-1
1042,11,615.94,249.09,86.41,109.90,0.95,-1,-1,-1
1043,11,632.73,243.43,87.74,112.02,0.95,-1,-1,-1
1044,11,651.95,239.91,88.45,113.42,0.94,-1,-1,-1
1045,11,674.59,238.65,90.52,116.92,0.92,-1,-1,-1
1046,11,698.38,237.81,87.77,114.13,0.94,-1,-1,-1
1047,11,719.75,238.19,86.91,113.03,0.92,-1,-1,-1
1048,11,740.38,238.40,85.41,110.83,0.94,-1,-1,-1
1049,11,762.20,239.31,85.52,112.42,0.92,-1,-1,-1
1050,11,781.95,239.39,86.27,114.49,0.93,-1,-1,-1
1051,11,798.44,239.31,88.69,119.12,0.92,-1,-1,-1
1052,11,816.79,239.90,86.71,117.95,0.93,-1,-1,-1
1053,11,830.79,235.58,86.71,118.65,0.93,-1,-1,-1
1054,11,842.99,227.63,88.31,120.96,0.94,-1,-1,-1
1055,11,855.17,221.29,87.50,119.77,0.91,-1,-1,-1
1056,11,870.32,216.03,82.97,113.13,0.94,-1,-1,-1
1057,11,884.37,209.38,79.99,108.36,0.93,-1,-1,-1
1058,11,901.46,201.74,81.73,108.77,0.87,-1,-1,-1
1059,11,909.63,192.92,97.05,128.75,0.90,-1,-1,-1
1060,11,926.74,188.73,94.90,125.77,0.93,-1,-1,-1
1061,11,939.36,186.40,90.34,119.04,0.95,-1,-1,-1
1062,11,953.69,183.10,93.25,122.75,0.90,-1,-1,-1
1063,11,971.44,183.50,92.22,120.78,0.91,-1,-1,-1
1064,11,990.33,183.26,88.97,115.81,0.94,-1,-1,-1
1065,11,1007.87,182.59,88.40,114.80,0.94,-1,-1,-1
1066,11,1025.66,183.64,88.45,114.13,0.93,-1,-1,-1
1067,11,1041.60,183.09,90.22,116.58,0.93,-1,-1,-1
1068,11,1056.14,180.37,79.81,103.20,0.52,-1,-1,-1
1069,11,1075.74,178.95,85.13,110.80,0.91,-1,-1,-1
1071,11,1105.98,171.94,84.38,110.31,0.62,-1,-1,-1
1072,11,1115.55,159.64,87.95,115.76,0.94,-1,-1,-1
1073,11,1122.79,143.92,90.76,118.09,0.92,-1,-1,-1
1074,11,1136.59,127.86,75.72,97.70,0.84,-1,-1,-1
1075,11,1152.19,105.55,71.73,89.28,0.86,-1,-1,-1
